   0 0.000245848
   1 0.0292435
   2 0.0324129
   3 0.0506513
   4 0.0660768
   5 0.0931215
   6 0.111957
   7 0.154221
   8 0.117335
   9 0.308823
   10 0.448687
   11 0.609984
   12 0.663602
   13 0.715292
   14 0.756223
   15 0.828741
   16 0.927374
   17 1.05086
   18 1.11977
   19 1.17213
   20 1.23701
   21 1.28222
   22 1.32165
   23 1.35575
   24 1.37076
   25 1.37761
   26 1.3809
   27 1.38706
   28 1.3854
   29 1.37079
   30 1.33152
   31 1.26692
   32 1.20456
   33 1.13502
   34 1.05507
   35 0.994774
   36 0.947601
   37 0.903946
   38 0.857262
   39 0.817819
   40 0.82601
   41 0.870609
   42 0.95632
   43 1.07012
   44 1.20543
   45 1.38653
   46 1.56716
   47 1.60219
   48 1.62484
   49 1.55483
   50 1.37334
   51 1.16785
   52 0.954097
   53 0.730486
   54 0.549157
   55 0.386863
   56 0.275042
   57 0.185376
   58 0.127719
   59 0.0885962
   60 0.0635377
   61 0.0463013
   62 0.0339135
   63 0.0264291
   64 0.0201648
   65 0.0151451
   66 0.0103461
   67 0.00910813
   68 0.00812962
   69 0.0074302
   70 0.00619433
   71 0.00514349
   72 0.00509752
   73 0.00482935
   74 0.00279203
   75 0.00269184
   76 0.00188988
   77 0.00120653
   78 0.00129444
   79 0.000358191
   80 0.000216387
   81 0.00022786
   82 0.000196793
   83 5.91779e-05
   84 0.000251983
   85 6.08243e-05
   86 5.22873e-05
   87 1.51832e-05
   88 1.79764e-05
   89 9.68514e-06
   90 4.35446e-05
   91 7.86047e-06
   92 6.61494e-06
   93 1.81694e-06
   94 1.77088e-06
   95 4.42531e-07
   96 1.26886e-05
   97 2.87995e-06
   98 1.57081e-05
   99 2.35898e-07
   100 3.99837e-05
   101 0
   102 1.57687e-05
   103 0
   104 1.34084e-05
   105 0
   106 0
   107 1.8665e-06
   108 0
   109 4.74869e-07
   110 0
   111 0
   112 0
   113 0
   114 0
   115 0
   116 0
   117 0
   118 5.82253e-10
   119 0
   120 1.16178e-10
   121 0
   122 1.10579e-11
   123 4.76774e-12
   124 4.03212e-12
   125 0
   126 0
   127 0
   128 0
   129 0
   130 0
   131 0
   132 0
   133 0
   134 0
   135 0
   136 0
   137 0
   138 0
   139 0
   140 0
   141 0
   142 0
   143 0
   144 0
   145 0
   146 0
   147 0
   148 0
   149 0
   150 0
   151 0
   152 0
   153 0
   154 0
   155 0
   156 0
   157 0
   158 0
   159 0
   160 0
   161 0
   162 0
   163 0
   164 0
   165 0
   166 0
   167 0
   168 0
   169 0
   170 0
   171 0
   172 0
   173 0
   174 0
   175 0
   176 0
   177 0
   178 0
   179 0
   180 0
   181 0
   182 0
   183 0
   184 0
   185 0
   186 0
   187 0
   188 0
   189 0
   190 0
   191 0
   192 0
   193 0
   194 0
   195 0
   196 0
   197 0
   198 0
   199 0