   0 0.000283455
   1 0.0314008
   2 0.0559986
   3 0.0623792
   4 0.0675207
   5 0.101123
   6 0.115697
   7 0.139247
   8 0.110753
   9 0.34112
   10 0.452951
   11 0.627148
   12 0.680325
   13 0.729328
   14 0.778641
   15 0.849397
   16 0.933548
   17 1.03521
   18 1.11142
   19 1.17178
   20 1.22597
   21 1.28825
   22 1.32086
   23 1.34839
   24 1.36785
   25 1.36383
   26 1.36617
   27 1.37513
   28 1.38132
   29 1.35807
   30 1.33152
   31 1.26334
   32 1.1964
   33 1.12587
   34 1.05216
   35 0.992854
   36 0.940403
   37 0.899527
   38 0.844257
   39 0.818801
   40 0.823843
   41 0.869783
   42 0.941172
   43 1.05732
   44 1.21369
   45 1.39825
   46 1.5589
   47 1.61163
   48 1.61832
   49 1.5247
   50 1.33745
   51 1.15143
   52 0.942999
   53 0.732802
   54 0.554675
   55 0.386505
   56 0.271466
   57 0.187146
   58 0.127523
   59 0.0881818
   60 0.0621897
   61 0.0452595
   62 0.0347331
   63 0.0258586
   64 0.0197631
   65 0.014783
   66 0.0108129
   67 0.00959078
   68 0.0076361
   69 0.00700389
   70 0.00618942
   71 0.0043154
   72 0.00502324
   73 0.0052601
   74 0.00307239
   75 0.00210441
   76 0.00244678
   77 0.00150688
   78 0.000670102
   79 0.00113001
   80 0.000159209
   81 9.44339e-05
   82 0.000262415
   83 7.78748e-05
   84 6.78802e-05
   85 2.45e-05
   86 3.13527e-05
   87 2.26288e-05
   88 6.38395e-06
   89 4.80313e-06
   90 3.06125e-05
   91 8.9276e-06
   92 2.09506e-05
   93 0.000436265
   94 2.50078e-06
   95 4.88724e-07
   96 1.12857e-05
   97 3.74691e-05
   98 1.56263e-05
   99 2.4715e-07
   100 5.54447e-05
   101 0
   102 0
   103 0
   104 0
   105 2.4352e-06
   106 0
   107 0
   108 0
   109 0
   110 0
   111 0
   112 0
   113 0
   114 8.87379e-09
   115 0
   116 0
   117 0
   118 0
   119 0
   120 0
   121 0
   122 0
   123 6.61134e-12
   124 0
   125 1.1679e-12
   126 0
   127 0
   128 4.60215e-14
   129 0
   130 0
   131 0
   132 0
   133 0
   134 0
   135 0
   136 0
   137 0
   138 0
   139 0
   140 0
   141 0
   142 0
   143 0
   144 0
   145 0
   146 0
   147 0
   148 0
   149 0
   150 0
   151 0
   152 0
   153 0
   154 0
   155 0
   156 0
   157 0
   158 0
   159 0
   160 0
   161 0
   162 0
   163 0
   164 0
   165 0
   166 0
   167 0
   168 0
   169 0
   170 0
   171 0
   172 0
   173 0
   174 0
   175 0
   176 0
   177 0
   178 0
   179 0
   180 0
   181 0
   182 0
   183 0
   184 0
   185 0
   186 0
   187 0
   188 0
   189 0
   190 0
   191 0
   192 0
   193 0
   194 0
   195 0
   196 0
   197 0
   198 0
   199 0