   0 0.000281411
   1 0.0288546
   2 0.0394493
   3 0.0616394
   4 0.0728533
   5 0.105184
   6 0.126928
   7 0.152116
   8 0.109619
   9 0.336821
   10 0.507051
   11 0.647949
   12 0.698571
   13 0.732545
   14 0.764104
   15 0.836067
   16 0.932831
   17 1.0241
   18 1.11069
   19 1.16944
   20 1.22595
   21 1.27319
   22 1.31238
   23 1.34387
   24 1.36011
   25 1.36436
   26 1.36729
   27 1.36944
   28 1.37602
   29 1.36021
   30 1.3264
   31 1.26026
   32 1.19441
   33 1.12963
   34 1.05144
   35 0.987501
   36 0.942469
   37 0.901461
   38 0.852497
   39 0.812926
   40 0.823474
   41 0.864159
   42 0.943792
   43 1.0632
   44 1.21832
   45 1.3827
   46 1.56192
   47 1.62605
   48 1.62345
   49 1.55617
   50 1.36468
   51 1.15882
   52 0.947451
   53 0.732613
   54 0.548361
   55 0.38752
   56 0.271137
   57 0.185732
   58 0.127277
   59 0.088778
   60 0.0628677
   61 0.0456826
   62 0.0345486
   63 0.0257185
   64 0.0202578
   65 0.0149929
   66 0.0105737
   67 0.00922544
   68 0.00795258
   69 0.00730553
   70 0.00622374
   71 0.00523513
   72 0.0052961
   73 0.00402021
   74 0.00297506
   75 0.00229719
   76 0.00198681
   77 0.00145552
   78 0.00101469
   79 0.000340659
   80 0.000184706
   81 0.000160092
   82 0.000162255
   83 7.61033e-05
   84 0.000101329
   85 4.91454e-05
   86 5.39946e-05
   87 1.56065e-05
   88 1.04364e-05
   89 1.05039e-05
   90 1.22243e-05
   91 9.9628e-06
   92 4.3306e-05
   93 5.94898e-06
   94 4.20469e-06
   95 3.30987e-07
   96 4.2691e-06
   97 1.05223e-06
   98 3.62305e-07
   99 2.25834e-07
   100 9.57571e-05
   101 0.000209422
   102 0.000113293
   103 0.00012128
   104 2.14079e-05
   105 1.68231e-05
   106 0
   107 9.93353e-07
   108 1.51134e-06
   109 2.27453e-06
   110 0
   111 5.53933e-07
   112 2.68897e-07
   113 1.29102e-07
   114 6.13028e-08
   115 0
   116 4.45681e-09
   117 6.14065e-09
   118 2.78888e-09
   119 2.50488e-10
   120 5.56472e-10
   121 1.22337e-10
   122 5.29652e-11
   123 1.14183e-11
   124 9.65653e-12
   125 1.61364e-12
   126 0
   127 1.19473e-12
   128 3.1793e-13
   129 1.37966e-13
   130 0
   131 0
   132 0
   133 0
   134 0
   135 0
   136 0
   137 0
   138 0
   139 0
   140 0
   141 0
   142 0
   143 0
   144 0
   145 0
   146 0
   147 0
   148 0
   149 0
   150 0
   151 0
   152 0
   153 0
   154 0
   155 0
   156 0
   157 0
   158 0
   159 0
   160 0
   161 0
   162 0
   163 0
   164 0
   165 0
   166 0
   167 0
   168 0
   169 0
   170 0
   171 0
   172 0
   173 0
   174 0
   175 0
   176 0
   177 0
   178 0
   179 0
   180 0
   181 0
   182 0
   183 0
   184 0
   185 0
   186 0
   187 0
   188 0
   189 0
   190 0
   191 0
   192 0
   193 0
   194 0
   195 0
   196 0
   197 0
   198 0
   199 0