   0 0.000264086
   1 0.045258
   2 0.0500342
   3 0.0961751
   4 0.290588
   5 0.265819
   6 0.240461
   7 0.222372
   8 0.142454
   9 0.190069
   10 0.498075
   11 0.8477
   12 0.958931
   13 0.890529
   14 0.817414
   15 0.8024
   16 0.833197
   17 0.927772
   18 1.06503
   19 1.17472
   20 1.21641
   21 1.15994
   22 1.29446
   23 1.31866
   24 1.3413
   25 1.37583
   26 1.33688
   27 1.38408
   28 1.40095
   29 1.3704
   30 1.34691
   31 1.29825
   32 1.22182
   33 1.14317
   34 1.05806
   35 1.00524
   36 0.883481
   37 0.901186
   38 0.866627
   39 0.822021
   40 0.847147
   41 0.879359
   42 0.894701
   43 1.06714
   44 1.20237
   45 1.36129
   46 1.60444
   47 1.60803
   48 1.67924
   49 1.57809
   50 1.2371
   51 1.18499
   52 0.965464
   53 0.712862
   54 0.56633
   55 0.403386
   56 0.278024
   57 0.189673
   58 0.129272
   59 0.0903401
   60 0.0646381
   61 0.0472178
   62 0.0356193
   63 0.0272976
   64 0.0212896
   65 0.0128422
   66 0.0116319
   67 0.0100196
   68 0.0085964
   69 0.00801559
   70 0.00751441
   71 0.00723443
   72 0.00173937
   73 0.00830834
   74 0.00657664
   75 0.0047438
   76 0.0058426
   77 0.00478014
   78 0.00428749
   79 0.000245269
   80 4.54595e-05
   81 0.000170918
   82 0.000267297
   83 0.000183771
   84 9.37847e-06
   85 0.000150814
   86 0.000163303
   87 0.000185496
   88 1.01004e-05
   89 0.000124583
   90 0.000130503
   91 3.45601e-05
   92 0
   93 0.000196796
   94 0
   95 5.75283e-07
   96 1.29231e-05
   97 5.52567e-06
   98 2.07852e-06
   99 1.74092e-07
   100 0
   101 0
   102 0
   103 0
   104 0
   105 0
   106 0
   107 0
   108 0
   109 0
   110 0
   111 0
   112 0
   113 0
   114 0
   115 0
   116 0
   117 0
   118 0
   119 0
   120 0
   121 0
   122 0
   123 0
   124 0
   125 0
   126 0
   127 0
   128 0
   129 0
   130 0
   131 0
   132 0
   133 0
   134 0
   135 0
   136 0
   137 0
   138 0
   139 0
   140 0
   141 0
   142 0
   143 0
   144 0
   145 0
   146 0
   147 0
   148 0
   149 0
   150 0
   151 0
   152 0
   153 0
   154 0
   155 0
   156 0
   157 0
   158 0
   159 0
   160 0
   161 0
   162 0
   163 0
   164 0
   165 0
   166 0
   167 0
   168 0
   169 0
   170 0
   171 0
   172 0
   173 0
   174 0
   175 0
   176 0
   177 0
   178 0
   179 0
   180 0
   181 0
   182 0
   183 0
   184 0
   185 0
   186 0
   187 0
   188 0
   189 0
   190 0
   191 0
   192 0
   193 0
   194 0
   195 0
   196 0
   197 0
   198 0
   199 0