   0 0.000218039
   1 0.0283765
   2 0.0590416
   3 0.0562243
   4 0.0709864
   5 0.11356
   6 0.104255
   7 0.122879
   8 0.124784
   9 0.316125
   10 0.45059
   11 0.61407
   12 0.697609
   13 0.728021
   14 0.74585
   15 0.804063
   16 0.953101
   17 1.04405
   18 1.12627
   19 1.15707
   20 1.20091
   21 1.28691
   22 1.33242
   23 1.37742
   24 1.36284
   25 1.37567
   26 1.36834
   27 1.3793
   28 1.4056
   29 1.37994
   30 1.34216
   31 1.29797
   32 1.19726
   33 1.13699
   34 1.07063
   35 0.996932
   36 0.957295
   37 0.913958
   38 0.869105
   39 0.817845
   40 0.830732
   41 0.867554
   42 0.939603
   43 1.0788
   44 1.21867
   45 1.4089
   46 1.58671
   47 1.64871
   48 1.67788
   49 1.53284
   50 1.37081
   51 1.16131
   52 0.971133
   53 0.738977
   54 0.560028
   55 0.399381
   56 0.280952
   57 0.185366
   58 0.128219
   59 0.0857659
   60 0.0643778
   61 0.0459697
   62 0.0355673
   63 0.0247186
   64 0.0207988
   65 0.015593
   66 0.0111311
   67 0.00842031
   68 0.00775793
   69 0.00789475
   70 0.00664514
   71 0.00444992
   72 0.00401388
   73 0.00494885
   74 0.00357694
   75 0.00315403
   76 0.00136019
   77 0.00123458
   78 0.00038331
   79 0.000279936
   80 0.000117382
   81 0.000125054
   82 0.000133242
   83 0.000150548
   84 3.19049e-05
   85 0.000145102
   86 4.00507e-05
   87 7.80416e-06
   88 1.25146e-05
   89 1.2254e-05
   90 0.00115781
   91 6.08758e-06
   92 0.000840298
   93 0.000997689
   94 3.69397e-07
   95 0.000227486
   96 1.78679e-05
   97 6.7911e-06
   98 1.26449e-05
   99 2.29243e-07
   100 1.05443e-07
   101 0
   102 0
   103 6.17661e-06
   104 0
   105 1.71355e-06
   106 0
   107 4.55309e-07
   108 0
   109 0
   110 0
   111 0
   112 0
   113 0
   114 0
   115 0
   116 0
   117 0
   118 0
   119 0
   120 0
   121 0
   122 0
   123 0
   124 9.83585e-13
   125 0
   126 0
   127 0
   128 0
   129 0
   130 0
   131 0
   132 0
   133 0
   134 0
   135 0
   136 0
   137 0
   138 0
   139 0
   140 0
   141 0
   142 0
   143 0
   144 0
   145 0
   146 0
   147 0
   148 0
   149 0
   150 0
   151 0
   152 0
   153 0
   154 0
   155 0
   156 0
   157 0
   158 0
   159 0
   160 0
   161 0
   162 0
   163 0
   164 0
   165 0
   166 0
   167 0
   168 0
   169 0
   170 0
   171 0
   172 0
   173 0
   174 0
   175 0
   176 0
   177 0
   178 0
   179 0
   180 0
   181 0
   182 0
   183 0
   184 0
   185 0
   186 0
   187 0
   188 0
   189 0
   190 0
   191 0
   192 0
   193 0
   194 0
   195 0
   196 0
   197 0
   198 0
   199 0