   0 0.000246019
   1 0.0362234
   2 0.0431687
   3 0.0532028
   4 0.0593739
   5 0.0950777
   6 0.123612
   7 0.152061
   8 0.133352
   9 0.488047
   10 0.577853
   11 0.700752
   12 0.601611
   13 0.778165
   14 0.804751
   15 0.859052
   16 0.948821
   17 1.09554
   18 1.14115
   19 1.16458
   20 1.21482
   21 1.26199
   22 1.29422
   23 1.34751
   24 1.35192
   25 1.3634
   26 1.36742
   27 1.37636
   28 1.36182
   29 1.36317
   30 1.3315
   31 1.2611
   32 1.17784
   33 1.13841
   34 1.05431
   35 0.992856
   36 0.946366
   37 0.907352
   38 0.853534
   39 0.824498
   40 0.834076
   41 0.875638
   42 0.95838
   43 1.06013
   44 1.19633
   45 1.383
   46 1.568
   47 1.64483
   48 1.64558
   49 1.52413
   50 1.33732
   51 1.17302
   52 0.924889
   53 0.700468
   54 0.546656
   55 0.400455
   56 0.274972
   57 0.188784
   58 0.128394
   59 0.0891001
   60 0.0632343
   61 0.042982
   62 0.035062
   63 0.0241125
   64 0.0195704
   65 0.0156164
   66 0.0109211
   67 0.00865782
   68 0.00823909
   69 0.00794448
   70 0.00679945
   71 0.0063173
   72 0.0071233
   73 0.00588512
   74 0.00542771
   75 0.00214127
   76 0.0022728
   77 0.0011009
   78 0.00109966
   79 0.00411111
   80 0.000194553
   81 0.000382482
   82 0.000133439
   83 5.82844e-05
   84 8.00615e-05
   85 1.95545e-05
   86 3.27314e-05
   87 1.02085e-05
   88 0.000693975
   89 3.99992e-06
   90 0
   91 2.63839e-05
   92 0.000458697
   93 0.000163384
   94 0
   95 2.65466e-07
   96 2.1458e-05
   97 1.52917e-05
   98 7.96445e-06
   99 2.52462e-07
   100 3.19452e-05
   101 0
   102 9.44886e-06
   103 5.05748e-06
   104 0
   105 0
   106 0
   107 0
   108 0
   109 0
   110 0
   111 0
   112 0
   113 0
   114 0
   115 0
   116 0
   117 0
   118 0
   119 0
   120 0
   121 0
   122 0
   123 0
   124 0
   125 0
   126 0
   127 0
   128 0
   129 0
   130 0
   131 0
   132 0
   133 0
   134 0
   135 0
   136 0
   137 0
   138 0
   139 0
   140 0
   141 0
   142 0
   143 0
   144 0
   145 0
   146 0
   147 0
   148 0
   149 0
   150 0
   151 0
   152 0
   153 0
   154 0
   155 0
   156 0
   157 0
   158 0
   159 0
   160 0
   161 0
   162 0
   163 0
   164 0
   165 0
   166 0
   167 0
   168 0
   169 0
   170 0
   171 0
   172 0
   173 0
   174 0
   175 0
   176 0
   177 0
   178 0
   179 0
   180 0
   181 0
   182 0
   183 0
   184 0
   185 0
   186 0
   187 0
   188 0
   189 0
   190 0
   191 0
   192 0
   193 0
   194 0
   195 0
   196 0
   197 0
   198 0
   199 0