   0 0.000300079
   1 0.0270307
   2 0.0505762
   3 0.0557514
   4 0.065086
   5 0.0788947
   6 0.122885
   7 0.23549
   8 0.139122
   9 0.310903
   10 0.470992
   11 0.596254
   12 0.754863
   13 0.822548
   14 0.835207
   15 0.877051
   16 0.975246
   17 1.03101
   18 1.11602
   19 1.17796
   20 1.22871
   21 1.24058
   22 1.29974
   23 1.34234
   24 1.32389
   25 1.36368
   26 1.35799
   27 1.36562
   28 1.35948
   29 1.34318
   30 1.31187
   31 1.2624
   32 1.17113
   33 1.11015
   34 1.04527
   35 0.971839
   36 0.929985
   37 0.899867
   38 0.852358
   39 0.813313
   40 0.830216
   41 0.871858
   42 0.954572
   43 1.06521
   44 1.21378
   45 1.37271
   46 1.55823
   47 1.65474
   48 1.6219
   49 1.52581
   50 1.38293
   51 1.18227
   52 0.917585
   53 0.712285
   54 0.551774
   55 0.394886
   56 0.274715
   57 0.184906
   58 0.119003
   59 0.0887892
   60 0.0602442
   61 0.046681
   62 0.0345672
   63 0.0259769
   64 0.0209326
   65 0.0152365
   66 0.00969684
   67 0.00957759
   68 0.00789716
   69 0.00721452
   70 0.00686491
   71 0.00652065
   72 0.00314291
   73 0.00530784
   74 0.00177215
   75 0.00442584
   76 0.00146898
   77 0.00440854
   78 0.00104644
   79 0.00129026
   80 0.000219548
   81 0.00314179
   82 9.75469e-05
   83 0.00231405
   84 4.04702e-05
   85 2.60394e-05
   86 0.00234966
   87 7.99242e-06
   88 1.62584e-05
   89 0.00311337
   90 0.00380488
   91 0.00115156
   92 0
   93 0.000204916
   94 0.00048178
   95 1.21888e-05
   96 2.69126e-05
   97 4.60295e-05
   98 5.1943e-05
   99 2.66093e-07
   100 0
   101 0
   102 0
   103 0
   104 0
   105 0
   106 0
   107 0
   108 0
   109 0
   110 0
   111 0
   112 0
   113 0
   114 0
   115 0
   116 0
   117 0
   118 0
   119 0
   120 0
   121 0
   122 0
   123 0
   124 0
   125 0
   126 0
   127 0
   128 0
   129 0
   130 0
   131 0
   132 0
   133 0
   134 0
   135 0
   136 0
   137 0
   138 0
   139 0
   140 0
   141 0
   142 0
   143 0
   144 0
   145 0
   146 0
   147 0
   148 0
   149 0
   150 0
   151 0
   152 0
   153 0
   154 0
   155 0
   156 0
   157 0
   158 0
   159 0
   160 0
   161 0
   162 0
   163 0
   164 0
   165 0
   166 0
   167 0
   168 0
   169 0
   170 0
   171 0
   172 0
   173 0
   174 0
   175 0
   176 0
   177 0
   178 0
   179 0
   180 0
   181 0
   182 0
   183 0
   184 0
   185 0
   186 0
   187 0
   188 0
   189 0
   190 0
   191 0
   192 0
   193 0
   194 0
   195 0
   196 0
   197 0
   198 0
   199 0