   0 0.000341286
   1 0.0237682
   2 0.0489476
   3 0.0625335
   4 0.0478645
   5 0.11121
   6 0.0885531
   7 0.118872
   8 0.130549
   9 0.300334
   10 0.521316
   11 0.711196
   12 0.683848
   13 0.771812
   14 0.747515
   15 0.828007
   16 0.932312
   17 1.04811
   18 1.11893
   19 1.14622
   20 1.19857
   21 1.23242
   22 1.30969
   23 1.33134
   24 1.34375
   25 1.37936
   26 1.36545
   27 1.3676
   28 1.37801
   29 1.36377
   30 1.3079
   31 1.26712
   32 1.19934
   33 1.11247
   34 1.06039
   35 0.978597
   36 0.954155
   37 0.9047
   38 0.855919
   39 0.817562
   40 0.83094
   41 0.862505
   42 0.935755
   43 1.05534
   44 1.22882
   45 1.37726
   46 1.53715
   47 1.64806
   48 1.63596
   49 1.59261
   50 1.31787
   51 1.12775
   52 0.926463
   53 0.723801
   54 0.542306
   55 0.394729
   56 0.267918
   57 0.188215
   58 0.129492
   59 0.087594
   60 0.0637401
   61 0.0461225
   62 0.0329429
   63 0.0237267
   64 0.020986
   65 0.0152555
   66 0.0113287
   67 0.00932808
   68 0.00813169
   69 0.00644918
   70 0.00701186
   71 0.00384707
   72 0.00442251
   73 0.00339249
   74 0.00230059
   75 0.00375456
   76 0.0049667
   77 0.000906147
   78 0.00113238
   79 0.000403252
   80 0.00021786
   81 0.000195325
   82 0.000132551
   83 2.90332e-05
   84 5.74817e-05
   85 4.99541e-05
   86 3.09167e-05
   87 1.47704e-05
   88 2.28955e-05
   89 0.000849781
   90 0.000634654
   91 0.00024696
   92 6.90912e-05
   93 3.15509e-06
   94 2.45502e-07
   95 5.26062e-05
   96 5.77161e-06
   97 0.000138199
   98 1.55954e-05
   99 2.45994e-07
   100 0
   101 0
   102 0
   103 3.80891e-06
   104 0
   105 0
   106 0
   107 0
   108 0
   109 0
   110 0
   111 1.73968e-08
   112 0
   113 0
   114 0
   115 0
   116 0
   117 0
   118 0
   119 3.9334e-11
   120 0
   121 0
   122 0
   123 0
   124 0
   125 0
   126 0
   127 0
   128 0
   129 0
   130 0
   131 0
   132 0
   133 0
   134 0
   135 0
   136 0
   137 0
   138 0
   139 0
   140 0
   141 0
   142 0
   143 0
   144 0
   145 0
   146 0
   147 0
   148 0
   149 0
   150 0
   151 0
   152 0
   153 0
   154 0
   155 0
   156 0
   157 0
   158 0
   159 0
   160 0
   161 0
   162 0
   163 0
   164 0
   165 0
   166 0
   167 0
   168 0
   169 0
   170 0
   171 0
   172 0
   173 0
   174 0
   175 0
   176 0
   177 0
   178 0
   179 0
   180 0
   181 0
   182 0
   183 0
   184 0
   185 0
   186 0
   187 0
   188 0
   189 0
   190 0
   191 0
   192 0
   193 0
   194 0
   195 0
   196 0
   197 0
   198 0
   199 0