   0 0.000281217
   1 0.0365036
   2 0.0759566
   3 0.0893696
   4 0.0616242
   5 0.109288
   6 0.120133
   7 0.132142
   8 0.110471
   9 0.328816
   10 0.529187
   11 0.691729
   12 0.677743
   13 0.746776
   14 0.789301
   15 0.880246
   16 0.932004
   17 1.01222
   18 1.10002
   19 1.14083
   20 1.21474
   21 1.26486
   22 1.31736
   23 1.3331
   24 1.34346
   25 1.33792
   26 1.36322
   27 1.3754
   28 1.37516
   29 1.3596
   30 1.32335
   31 1.25568
   32 1.21015
   33 1.13534
   34 1.05689
   35 0.985481
   36 0.938868
   37 0.908399
   38 0.860572
   39 0.816776
   40 0.818678
   41 0.848211
   42 0.938518
   43 1.05875
   44 1.20086
   45 1.39694
   46 1.55017
   47 1.56404
   48 1.64603
   49 1.58338
   50 1.30675
   51 1.1619
   52 0.949668
   53 0.74381
   54 0.53896
   55 0.388982
   56 0.267184
   57 0.187833
   58 0.127469
   59 0.0895788
   60 0.0635546
   61 0.0457544
   62 0.0353352
   63 0.0264096
   64 0.0179599
   65 0.0150142
   66 0.0104134
   67 0.00984903
   68 0.00868095
   69 0.00680775
   70 0.00547274
   71 0.00532991
   72 0.00420117
   73 0.00426341
   74 0.00541005
   75 0.00385147
   76 0.00330778
   77 0.00167665
   78 0.000755822
   79 0.000543467
   80 9.05806e-05
   81 0.00176711
   82 0.000275544
   83 0.000106427
   84 0.0010622
   85 0.000233939
   86 1.39335e-05
   87 5.71937e-05
   88 1.4221e-05
   89 0.00134383
   90 4.7435e-06
   91 0.000745574
   92 0.000383118
   93 0.000318414
   94 1.99527e-06
   95 7.77886e-05
   96 1.30684e-05
   97 5.96033e-05
   98 3.36303e-05
   99 1.15442e-07
   100 0
   101 0
   102 0
   103 0
   104 0
   105 0
   106 0
   107 0
   108 0
   109 0
   110 0
   111 0
   112 0
   113 0
   114 0
   115 0
   116 0
   117 0
   118 0
   119 0
   120 0
   121 0
   122 0
   123 0
   124 0
   125 0
   126 0
   127 0
   128 0
   129 0
   130 0
   131 0
   132 0
   133 0
   134 0
   135 0
   136 0
   137 0
   138 0
   139 0
   140 0
   141 0
   142 0
   143 0
   144 0
   145 0
   146 0
   147 0
   148 0
   149 0
   150 0
   151 0
   152 0
   153 0
   154 0
   155 0
   156 0
   157 0
   158 0
   159 0
   160 0
   161 0
   162 0
   163 0
   164 0
   165 0
   166 0
   167 0
   168 0
   169 0
   170 0
   171 0
   172 0
   173 0
   174 0
   175 0
   176 0
   177 0
   178 0
   179 0
   180 0
   181 0
   182 0
   183 0
   184 0
   185 0
   186 0
   187 0
   188 0
   189 0
   190 0
   191 0
   192 0
   193 0
   194 0
   195 0
   196 0
   197 0
   198 0
   199 0