   0 0.829742
   1 3.20257
   2 6.20096
   3 2.82285
   4 2.50936
   5 1.50846
   6 1.14229
   7 1.60023
   8 0.702865
   9 1.37892
   10 1.50547
   11 1.51481
   12 1.34474
   13 1.23671
   14 1.15237
   15 1.14877
   16 1.08647
   17 1.15874
   18 1.19801
   19 1.19362
   20 1.22678
   21 1.28462
   22 1.26414
   23 1.29665
   24 1.2864
   25 1.31841
   26 1.29038
   27 1.31246
   28 1.25741
   29 1.24081
   30 1.20908
   31 1.18247
   32 1.11201
   33 1.00792
   34 0.968064
   35 0.885937
   36 0.845368
   37 0.866474
   38 0.772312
   39 0.748966
   40 0.756523
   41 0.789885
   42 0.874125
   43 0.970681
   44 1.08037
   45 1.27425
   46 1.34302
   47 1.47312
   48 1.53605
   49 1.4907
   50 1.29331
   51 1.06649
   52 0.901545
   53 0.686023
   54 0.514745
   55 0.377429
   56 0.250699
   57 0.169114
   58 0.118223
   59 0.0864786
   60 0.0614118
   61 0.04308
   62 0.033193
   63 0.0265567
   64 0.0212641
   65 0.0131081
   66 0.010579
   67 0.00909282
   68 0.00710656
   69 0.00776002
   70 0.00685954
   71 0.00818592
   72 0.00513543
   73 0.00535642
   74 0.00696525
   75 0.00804583
   76 0.00493114
   77 0.00493686
   78 0.00328534
   79 0.00435531
   80 0.00383071
   81 0
   82 0.00491566
   83 0.00318368
   84 0.00204718
   85 0.00130637
   86 0
   87 0
   88 0
   89 0
   90 0
   91 0
   92 4.41767e-05
   93 0
   94 0
   95 0
   96 0
   97 0
   98 0
   99 0
   100 0
   101 0
   102 0
   103 0
   104 0
   105 0
   106 0
   107 0
   108 0
   109 0
   110 0
   111 0
   112 0
   113 0
   114 0
   115 0
   116 0
   117 0
   118 0
   119 0
   120 0
   121 0
   122 0
   123 0
   124 0
   125 0
   126 0
   127 0
   128 0
   129 0
   130 0
   131 0
   132 0
   133 0
   134 0
   135 0
   136 0
   137 0
   138 0
   139 0
   140 0
   141 0
   142 0
   143 0
   144 0
   145 0
   146 0
   147 0
   148 0
   149 0
   150 0
   151 0
   152 0
   153 0
   154 0
   155 0
   156 0
   157 0
   158 0
   159 0
   160 0
   161 0
   162 0
   163 0
   164 0
   165 0
   166 0
   167 0
   168 0
   169 0
   170 0
   171 0
   172 0
   173 0
   174 0
   175 0
   176 0
   177 0
   178 0
   179 0
   180 0
   181 0
   182 0
   183 0
   184 0
   185 0
   186 0
   187 0
   188 0
   189 0
   190 0
   191 0
   192 0
   193 0
   194 0
   195 0
   196 0
   197 0
   198 0
   199 0