   0 0.0833074
   1 0
   2 0
   3 4.5347
   4 2.51943
   5 1.03853
   6 0.974847
   7 0.759511
   8 0.503186
   9 2.12993
   10 1.52831
   11 1.55268
   12 1.35683
   13 1.24168
   14 1.1849
   15 1.1231
   16 1.12889
   17 1.18542
   18 1.20255
   19 1.24201
   20 1.27109
   21 1.26663
   22 1.24779
   23 1.33621
   24 1.31053
   25 1.22458
   26 1.24281
   27 1.27945
   28 1.33175
   29 1.26523
   30 1.27487
   31 1.14532
   32 1.04998
   33 1.00058
   34 0.906758
   35 0.896555
   36 0.85227
   37 0.833459
   38 0.770433
   39 0.766153
   40 0.716664
   41 0.79958
   42 0.894706
   43 0.965402
   44 1.14977
   45 1.21406
   46 1.40581
   47 1.475
   48 1.57275
   49 1.47983
   50 1.26846
   51 1.1424
   52 0.978472
   53 0.715963
   54 0.591622
   55 0.366152
   56 0.254933
   57 0.15538
   58 0.119874
   59 0.07901
   60 0.0606897
   61 0.0427369
   62 0.0334263
   63 0.0250538
   64 0.0189394
   65 0.0139824
   66 0.0107043
   67 0.0106917
   68 0.00915672
   69 0.0074358
   70 0.00586135
   71 0.00786146
   72 0.0079747
   73 0.0113705
   74 0.00590539
   75 0.00323126
   76 0.0237645
   77 0.0079307
   78 0.00211106
   79 0.00349824
   80 0
   81 0
   82 0.00197416
   83 0
   84 0
   85 0
   86 0
   87 0
   88 0
   89 0
   90 0
   91 0
   92 0
   93 0
   94 0
   95 0
   96 0
   97 0
   98 0
   99 0
   100 0
   101 0
   102 0
   103 0
   104 0
   105 0
   106 0
   107 0
   108 0
   109 0
   110 0
   111 0
   112 0
   113 0
   114 0
   115 0
   116 0
   117 0
   118 0
   119 0
   120 0
   121 0
   122 0
   123 0
   124 0
   125 0
   126 0
   127 0
   128 0
   129 0
   130 0
   131 0
   132 0
   133 0
   134 0
   135 0
   136 0
   137 0
   138 0
   139 0
   140 0
   141 0
   142 0
   143 0
   144 0
   145 0
   146 0
   147 0
   148 0
   149 0
   150 0
   151 0
   152 0
   153 0
   154 0
   155 0
   156 0
   157 0
   158 0
   159 0
   160 0
   161 0
   162 0
   163 0
   164 0
   165 0
   166 0
   167 0
   168 0
   169 0
   170 0
   171 0
   172 0
   173 0
   174 0
   175 0
   176 0
   177 0
   178 0
   179 0
   180 0
   181 0
   182 0
   183 0
   184 0
   185 0
   186 0
   187 0
   188 0
   189 0
   190 0
   191 0
   192 0
   193 0
   194 0
   195 0
   196 0
   197 0
   198 0
   199 0