   0 0.000240303
   1 0.0254295
   2 0.0472477
   3 0.0486135
   4 0.100008
   5 0.0846617
   6 0.122319
   7 0.18653
   8 0.10473
   9 0.468264
   10 0.630086
   11 0.686576
   12 0.683545
   13 0.844994
   14 0.825962
   15 0.851433
   16 0.951628
   17 1.02557
   18 1.11203
   19 1.16312
   20 1.20571
   21 1.25089
   22 1.28875
   23 1.32409
   24 1.36315
   25 1.38225
   26 1.36956
   27 1.37859
   28 1.38173
   29 1.36658
   30 1.34185
   31 1.26969
   32 1.20088
   33 1.13529
   34 1.05371
   35 0.997932
   36 0.946422
   37 0.896788
   38 0.856997
   39 0.827943
   40 0.794285
   41 0.870864
   42 0.964627
   43 1.06862
   44 1.20436
   45 1.40503
   46 1.60309
   47 1.6485
   48 1.69027
   49 1.52194
   50 1.39866
   51 1.10298
   52 0.939584
   53 0.726135
   54 0.546724
   55 0.397793
   56 0.264397
   57 0.188833
   58 0.128278
   59 0.0893141
   60 0.0637741
   61 0.045086
   62 0.0354622
   63 0.0254805
   64 0.0187243
   65 0.0141497
   66 0.0111821
   67 0.00723508
   68 0.00855352
   69 0.00795517
   70 0.0073662
   71 0.00629666
   72 0.00471909
   73 0.00728134
   74 0.00153318
   75 0.00311077
   76 0.0016746
   77 0.0007386
   78 0.000353921
   79 0.000346452
   80 0.000696384
   81 0.000157835
   82 5.27419e-05
   83 0.00165054
   84 0.00096729
   85 0.00131793
   86 0.00114327
   87 3.01826e-05
   88 0.00100486
   89 0.00247888
   90 7.52351e-06
   91 3.57225e-05
   92 1.48026e-06
   93 1.43961e-05
   94 0.000143849
   95 0.000334815
   96 1.28568e-05
   97 0
   98 1.14881e-06
   99 2.35645e-07
   100 0
   101 0
   102 0
   103 0
   104 0
   105 8.40669e-07
   106 0
   107 0
   108 0
   109 0
   110 0
   111 0
   112 0
   113 0
   114 0
   115 0
   116 0
   117 0
   118 0
   119 0
   120 0
   121 0
   122 0
   123 0
   124 0
   125 0
   126 0
   127 0
   128 0
   129 0
   130 0
   131 0
   132 0
   133 0
   134 0
   135 0
   136 0
   137 0
   138 0
   139 0
   140 0
   141 0
   142 0
   143 0
   144 0
   145 0
   146 0
   147 0
   148 0
   149 0
   150 0
   151 0
   152 0
   153 0
   154 0
   155 0
   156 0
   157 0
   158 0
   159 0
   160 0
   161 0
   162 0
   163 0
   164 0
   165 0
   166 0
   167 0
   168 0
   169 0
   170 0
   171 0
   172 0
   173 0
   174 0
   175 0
   176 0
   177 0
   178 0
   179 0
   180 0
   181 0
   182 0
   183 0
   184 0
   185 0
   186 0
   187 0
   188 0
   189 0
   190 0
   191 0
   192 0
   193 0
   194 0
   195 0
   196 0
   197 0
   198 0
   199 0