   0 0.000291055
   1 0.0301691
   2 0.0507727
   3 0.0463478
   4 0.0515035
   5 0.0777448
   6 0.124845
   7 0.0994859
   8 0.0856452
   9 0.268929
   10 0.411193
   11 0.681037
   12 0.683141
   13 0.759664
   14 0.806591
   15 0.872906
   16 0.984608
   17 1.06559
   18 1.12134
   19 1.1784
   20 1.24034
   21 1.2711
   22 1.32757
   23 1.33659
   24 1.34355
   25 1.37311
   26 1.35917
   27 1.36605
   28 1.38174
   29 1.37324
   30 1.32519
   31 1.26754
   32 1.2016
   33 1.11953
   34 1.04415
   35 0.99451
   36 0.942434
   37 0.904849
   38 0.85309
   39 0.81353
   40 0.814093
   41 0.861153
   42 0.939691
   43 1.06203
   44 1.2197
   45 1.4151
   46 1.54404
   47 1.63631
   48 1.6549
   49 1.51753
   50 1.35783
   51 1.14667
   52 0.934207
   53 0.709994
   54 0.55924
   55 0.394256
   56 0.266318
   57 0.185539
   58 0.125854
   59 0.0886863
   60 0.0619671
   61 0.0469067
   62 0.0347519
   63 0.0245122
   64 0.0206083
   65 0.0151269
   66 0.0109848
   67 0.00907253
   68 0.00872898
   69 0.00680474
   70 0.00630446
   71 0.00450626
   72 0.00452873
   73 0.00276465
   74 0.00204298
   75 0.00421404
   76 0.000963957
   77 0.0015904
   78 0.00065428
   79 0.000341689
   80 0.000231502
   81 0.000253357
   82 0.00308141
   83 7.91553e-05
   84 9.59253e-05
   85 0.000180244
   86 2.09866e-05
   87 1.58038e-05
   88 7.56397e-05
   89 5.08516e-06
   90 6.20071e-06
   91 0.000651828
   92 0.000586156
   93 8.35134e-05
   94 0.000153398
   95 3.95613e-07
   96 1.52336e-05
   97 2.74258e-07
   98 3.3077e-05
   99 2.70618e-07
   100 0
   101 0
   102 0
   103 0
   104 0
   105 1.79295e-06
   106 0
   107 0
   108 0
   109 0
   110 0
   111 0
   112 0
   113 0
   114 0
   115 0
   116 0
   117 0
   118 0
   119 0
   120 0
   121 1.30382e-11
   122 5.64485e-12
   123 0
   124 0
   125 0
   126 0
   127 0
   128 0
   129 0
   130 0
   131 0
   132 0
   133 0
   134 0
   135 0
   136 0
   137 0
   138 0
   139 0
   140 0
   141 0
   142 0
   143 0
   144 0
   145 0
   146 0
   147 0
   148 0
   149 0
   150 0
   151 0
   152 0
   153 0
   154 0
   155 0
   156 0
   157 0
   158 0
   159 0
   160 0
   161 0
   162 0
   163 0
   164 0
   165 0
   166 0
   167 0
   168 0
   169 0
   170 0
   171 0
   172 0
   173 0
   174 0
   175 0
   176 0
   177 0
   178 0
   179 0
   180 0
   181 0
   182 0
   183 0
   184 0
   185 0
   186 0
   187 0
   188 0
   189 0
   190 0
   191 0
   192 0
   193 0
   194 0
   195 0
   196 0
   197 0
   198 0
   199 0