   0 0.000323991
   1 0.039851
   2 0.0510502
   3 0.0629141
   4 0.103414
   5 0.132389
   6 0.147536
   7 0.200653
   8 0.106167
   9 0.356458
   10 0.456131
   11 0.639376
   12 0.723593
   13 0.748237
   14 0.756858
   15 0.814779
   16 0.926734
   17 0.987007
   18 1.10722
   19 1.1478
   20 1.22901
   21 1.27821
   22 1.32511
   23 1.33909
   24 1.365
   25 1.3662
   26 1.35283
   27 1.35808
   28 1.35323
   29 1.34805
   30 1.32226
   31 1.24482
   32 1.19455
   33 1.11819
   34 1.04466
   35 0.992777
   36 0.933429
   37 0.88649
   38 0.853873
   39 0.811178
   40 0.813984
   41 0.874172
   42 0.950517
   43 1.04279
   44 1.21872
   45 1.38966
   46 1.5724
   47 1.61192
   48 1.60113
   49 1.53709
   50 1.3429
   51 1.14563
   52 0.933796
   53 0.709339
   54 0.554555
   55 0.386007
   56 0.274693
   57 0.183844
   58 0.1277
   59 0.0888885
   60 0.062452
   61 0.0462342
   62 0.0345755
   63 0.0264582
   64 0.0208478
   65 0.0139043
   66 0.0111087
   67 0.00950379
   68 0.00828129
   69 0.00786627
   70 0.00636976
   71 0.00590375
   72 0.00366341
   73 0.0041766
   74 0.0025129
   75 0.00352879
   76 0.00316752
   77 0.00255531
   78 0.00260509
   79 0.000532462
   80 0.00193223
   81 0.000151586
   82 0.00247412
   83 3.93256e-05
   84 4.88688e-05
   85 2.42241e-05
   86 2.03874e-05
   87 7.97712e-06
   88 1.61437e-05
   89 0.00118786
   90 2.10015e-06
   91 1.60892e-05
   92 0.000570691
   93 2.89978e-06
   94 1.648e-06
   95 5.81305e-07
   96 1.48317e-05
   97 8.242e-07
   98 9.20123e-06
   99 2.0319e-07
   100 0
   101 0
   102 0
   103 0
   104 0
   105 0
   106 0
   107 0
   108 0
   109 0
   110 0
   111 0
   112 0
   113 0
   114 0
   115 0
   116 0
   117 0
   118 0
   119 0
   120 0
   121 0
   122 0
   123 0
   124 0
   125 4.18597e-13
   126 0
   127 0
   128 0
   129 0
   130 0
   131 0
   132 0
   133 0
   134 0
   135 0
   136 0
   137 0
   138 0
   139 0
   140 0
   141 0
   142 0
   143 0
   144 0
   145 0
   146 0
   147 0
   148 0
   149 0
   150 0
   151 0
   152 0
   153 0
   154 0
   155 0
   156 0
   157 0
   158 0
   159 0
   160 0
   161 0
   162 0
   163 0
   164 0
   165 0
   166 0
   167 0
   168 0
   169 0
   170 0
   171 0
   172 0
   173 0
   174 0
   175 0
   176 0
   177 0
   178 0
   179 0
   180 0
   181 0
   182 0
   183 0
   184 0
   185 0
   186 0
   187 0
   188 0
   189 0
   190 0
   191 0
   192 0
   193 0
   194 0
   195 0
   196 0
   197 0
   198 0
   199 0