0 0.000421828
   1 0.041032
   2 0.0666874
   3 0.0518882
   4 0.0800264
   5 0.127554
   6 0.135519
   7 0.183069
   8 0.145138
   9 0.415409
   10 0.539384
   11 0.639291
   12 0.778823
   13 0.772513
   14 0.767501
   15 0.86366
   16 0.938166
   17 1.02207
   18 1.11173
   19 1.15456
   20 1.22476
   21 1.25479
   22 1.30445
   23 1.32872
   24 1.33884
   25 1.34274
   26 1.33858
   27 1.34585
   28 1.33118
   29 1.33544
   30 1.29956
   31 1.26366
   32 1.17902
   33 1.11219
   34 1.03212
   35 0.969101
   36 0.935752
   37 0.898441
   38 0.848345
   39 0.801152
   40 0.808815
   41 0.855169
   42 0.932853
   43 1.03088
   44 1.20908
   45 1.32901
   46 1.51935
   47 1.5933
   48 1.60635
   49 1.51891
   50 1.36087
   51 1.16046
   52 0.927414
   53 0.731772
   54 0.551736
   55 0.382462
   56 0.268846
   57 0.185372
   58 0.126947
   59 0.0885612
   60 0.0629762
   61 0.0461491
   62 0.0341066
   63 0.0254768
   64 0.0207761
   65 0.0143502
   66 0.00982979
   67 0.00961417
   68 0.00845953
   69 0.0079896
   70 0.00530048
   71 0.00402355
   72 0.00618616
   73 0.00500966
   74 0.00331662
   75 0.00336956
   76 0.00211069
   77 0.00321391
   78 0.000830278
   79 0.000315637
   80 0.000158586
   81 0.000307769
   82 9.79016e-05
   83 0.000119439
   84 8.86213e-05
   85 0.00123805
   86 1.6239e-05
   87 1.0464e-05
   88 6.6024e-06
   89 0.00102272
   90 0.00149985
   91 0.00050437
   92 1.70083e-05
   93 0.000269253
   94 6.08306e-07
   95 6.07187e-06
   96 1.67506e-05
   97 3.42346e-06
   98 1.13752e-05
   99 2.46404e-07
   100 0
   101 0
   102 0
   103 0
   104 0
   105 1.38734e-06
   106 0
   107 0
   108 0
   109 0
   110 0
   111 0
   112 0
   113 0
   114 0
   115 0
   116 0
   117 2.53199e-10
   118 0
   119 0
   120 0
   121 1.00887e-11
   122 0
   123 0
   124 0
   125 0
   126 0
   127 0
   128 0
   129 0
   130 0
   131 0
   132 0
   133 0
   134 0
   135 0
   136 0
   137 0
   138 0
   139 0
   140 0
   141 0
   142 0
   143 0
   144 0
   145 0
   146 0
   147 0
   148 0
   149 0
   150 0
   151 0
   152 0
   153 0
   154 0
   155 0
   156 0
   157 0
   158 0
   159 0
   160 0
   161 0
   162 0
   163 0
   164 0
   165 0
   166 0
   167 0
   168 0
   169 0
   170 0
   171 0
   172 0
   173 0
   174 0
   175 0
   176 0
   177 0
   178 0
   179 0
   180 0
   181 0
   182 0
   183 0
   184 0
   185 0
   186 0
   187 0
   188 0
   189 0
   190 0
   191 0
   192 0
   193 0
   194 0
   195 0
   196 0
   197 0
   198 0
   199 0