   0 0.000248198
   1 0.031547
   2 0.0420673
   3 0.0479151
   4 0.0622518
   5 0.100274
   6 0.109145
   7 0.153175
   8 0.118955
   9 0.325871
   10 0.505155
   11 0.639235
   12 0.699762
   13 0.726697
   14 0.760734
   15 0.839067
   16 0.932304
   17 1.03072
   18 1.11048
   19 1.17056
   20 1.23841
   21 1.2789
   22 1.32053
   23 1.35938
   24 1.36983
   25 1.37691
   26 1.38045
   27 1.37773
   28 1.39442
   29 1.36484
   30 1.33811
   31 1.26719
   32 1.20097
   33 1.12645
   34 1.05426
   35 0.992384
   36 0.94722
   37 0.910331
   38 0.857031
   39 0.819402
   40 0.826888
   41 0.871222
   42 0.947829
   43 1.06548
   44 1.21536
   45 1.38716
   46 1.56601
   47 1.6083
   48 1.62795
   49 1.5502
   50 1.35719
   51 1.16875
   52 0.937731
   53 0.727534
   54 0.548599
   55 0.384692
   56 0.274227
   57 0.185434
   58 0.12819
   59 0.0885168
   60 0.0625957
   61 0.0458491
   62 0.03438
   63 0.0252957
   64 0.0196698
   65 0.0151265
   66 0.010699
   67 0.00889807
   68 0.00807906
   69 0.00726691
   70 0.00684527
   71 0.00545296
   72 0.00509982
   73 0.00459641
   74 0.00251382
   75 0.00272503
   76 0.00209487
   77 0.0012469
   78 0.00112125
   79 0.000393031
   80 0.000160925
   81 0.000233894
   82 0.000192139
   83 5.2629e-05
   84 9.26356e-05
   85 6.71699e-05
   86 3.33503e-05
   87 2.53948e-05
   88 1.28328e-05
   89 5.85686e-06
   90 1.7225e-05
   91 1.49592e-05
   92 4.53831e-05
   93 1.14892e-05
   94 1.32573e-05
   95 7.89866e-07
   96 1.57208e-05
   97 3.23356e-05
   98 3.94443e-07
   99 2.22134e-07
   100 9.56968e-05
   101 0
   102 0
   103 0
   104 0
   105 6.30469e-06
   106 0
   107 8.37614e-07
   108 1.69919e-06
   109 0
   110 0
   111 1.03797e-07
   112 0
   113 0
   114 2.29741e-08
   115 5.39445e-09
   116 0
   117 0
   118 0
   119 9.38739e-11
   120 0
   121 9.16949e-11
   122 9.92472e-12
   123 1.71166e-11
   124 3.61892e-12
   125 7.55918e-13
   126 0
   127 0
   128 5.95744e-14
   129 0
   130 0
   131 0
   132 0
   133 0
   134 0
   135 0
   136 0
   137 0
   138 0
   139 0
   140 0
   141 0
   142 0
   143 0
   144 0
   145 0
   146 0
   147 0
   148 0
   149 0
   150 0
   151 0
   152 0
   153 0
   154 0
   155 0
   156 0
   157 0
   158 0
   159 0
   160 0
   161 0
   162 0
   163 0
   164 0
   165 0
   166 0
   167 0
   168 0
   169 0
   170 0
   171 0
   172 0
   173 0
   174 0
   175 0
   176 0
   177 0
   178 0
   179 0
   180 0
   181 0
   182 0
   183 0
   184 0
   185 0
   186 0
   187 0
   188 0
   189 0
   190 0
   191 0
   192 0
   193 0
   194 0
   195 0
   196 0
   197 0
   198 0
   199 0