   0 0.000249521
   1 0.0276471
   2 0.0345168
   3 0.0505481
   4 0.064693
   5 0.102875
   6 0.108458
   7 0.146756
   8 0.108802
   9 0.330292
   10 0.486338
   11 0.641974
   12 0.697673
   13 0.728663
   14 0.779756
   15 0.853372
   16 0.947755
   17 1.05461
   18 1.12738
   19 1.17956
   20 1.2338
   21 1.28144
   22 1.32598
   23 1.35418
   24 1.37073
   25 1.37079
   26 1.36774
   27 1.37237
   28 1.38433
   29 1.3593
   30 1.32864
   31 1.26393
   32 1.19553
   33 1.12767
   34 1.05653
   35 0.993316
   36 0.943182
   37 0.905648
   38 0.85474
   39 0.816959
   40 0.82578
   41 0.868525
   42 0.954384
   43 1.06452
   44 1.21985
   45 1.38748
   46 1.56316
   47 1.61393
   48 1.63152
   49 1.55893
   50 1.36381
   51 1.15969
   52 0.942969
   53 0.73043
   54 0.547757
   55 0.387967
   56 0.27052
   57 0.185773
   58 0.1277
   59 0.0885989
   60 0.0630437
   61 0.0459054
   62 0.0344085
   63 0.026029
   64 0.0197464
   65 0.0148086
   66 0.0106881
   67 0.00920394
   68 0.00789877
   69 0.00761089
   70 0.00670846
   71 0.00412924
   72 0.00518778
   73 0.00419309
   74 0.00290805
   75 0.0022501
   76 0.00194656
   77 0.00171621
   78 0.000888135
   79 0.000457485
   80 0.000210945
   81 0.000165741
   82 0.00019345
   83 8.1464e-05
   84 5.37119e-05
   85 4.08442e-05
   86 6.36191e-05
   87 1.91527e-05
   88 1.19093e-05
   89 1.86497e-05
   90 2.52168e-05
   91 1.711e-05
   92 2.79702e-05
   93 7.34802e-06
   94 1.70844e-06
   95 8.24383e-07
   96 1.66562e-06
   97 1.6573e-05
   98 3.52411e-07
   99 2.10128e-07
   100 9.17478e-05
   101 0
   102 6.78437e-05
   103 7.26264e-05
   104 0
   105 6.71614e-06
   106 0
   107 7.64809e-07
   108 1.35756e-06
   109 6.81031e-07
   110 6.75863e-07
   111 0
   112 8.05122e-08
   113 0
   114 3.671e-08
   115 8.61973e-09
   116 4.00332e-09
   117 0
   118 0
   119 0
   120 3.33233e-10
   121 7.32591e-11
   122 0
   123 0
   124 2.89132e-12
   125 1.6105e-12
   126 1.03856e-12
   127 7.15443e-13
   128 1.90387e-13
   129 8.26186e-14
   130 0
   131 0
   132 0
   133 0
   134 0
   135 0
   136 0
   137 0
   138 0
   139 0
   140 0
   141 0
   142 0
   143 0
   144 0
   145 0
   146 0
   147 0
   148 0
   149 0
   150 0
   151 0
   152 0
   153 0
   154 0
   155 0
   156 0
   157 0
   158 0
   159 0
   160 0
   161 0
   162 0
   163 0
   164 0
   165 0
   166 0
   167 0
   168 0
   169 0
   170 0
   171 0
   172 0
   173 0
   174 0
   175 0
   176 0
   177 0
   178 0
   179 0
   180 0
   181 0
   182 0
   183 0
   184 0
   185 0
   186 0
   187 0
   188 0
   189 0
   190 0
   191 0
   192 0
   193 0
   194 0
   195 0
   196 0
   197 0
   198 0
   199 0