   0 0.000268528
   1 0.0312384
   2 0.0383851
   3 0.0624879
   4 0.0700677
   5 0.106199
   6 0.11339
   7 0.158681
   8 0.100874
   9 0.32905
   10 0.487485
   11 0.639657
   12 0.685673
   13 0.734317
   14 0.777537
   15 0.849269
   16 0.943579
   17 1.03893
   18 1.12482
   19 1.17364
   20 1.22741
   21 1.28218
   22 1.32854
   23 1.34466
   24 1.36583
   25 1.35497
   26 1.37135
   27 1.37273
   28 1.37011
   29 1.36153
   30 1.32664
   31 1.26787
   32 1.20669
   33 1.13213
   34 1.05395
   35 0.988649
   36 0.944174
   37 0.903472
   38 0.85594
   39 0.819729
   40 0.82676
   41 0.871923
   42 0.940551
   43 1.05113
   44 1.21541
   45 1.37669
   46 1.55903
   47 1.6316
   48 1.64093
   49 1.56025
   50 1.3436
   51 1.1458
   52 0.946689
   53 0.73336
   54 0.546761
   55 0.389451
   56 0.2715
   57 0.184304
   58 0.126695
   59 0.0883285
   60 0.0624465
   61 0.0457056
   62 0.0341661
   63 0.0259985
   64 0.0201987
   65 0.0145076
   66 0.0101888
   67 0.0090485
   68 0.00769767
   69 0.00695888
   70 0.00616693
   71 0.00448238
   72 0.00487187
   73 0.00392482
   74 0.0030492
   75 0.0028365
   76 0.00148172
   77 0.0010746
   78 0.000831615
   79 0.000338587
   80 0.000189709
   81 0.000187061
   82 0.000177996
   83 8.54566e-05
   84 8.35841e-05
   85 4.51844e-05
   86 2.99253e-05
   87 2.43403e-05
   88 9.94775e-06
   89 1.66899e-05
   90 1.25321e-05
   91 5.75414e-05
   92 2.35152e-05
   93 2.1005e-05
   94 2.97198e-06
   95 4.55999e-07
   96 1.07338e-05
   97 1.24195e-06
   98 3.5786e-07
   99 2.0792e-07
   100 0
   101 0
   102 0
   103 0
   104 0
   105 0
   106 0
   107 2.05138e-06
   108 0
   109 0
   110 0
   111 0
   112 6.17004e-08
   113 0
   114 0
   115 0
   116 0
   117 0
   118 0
   119 0
   120 0
   121 0
   122 2.43064e-11
   123 0
   124 4.43152e-12
   125 0
   126 0
   127 2.74139e-13
   128 0
   129 9.49719e-14
   130 0
   131 0
   132 0
   133 0
   134 0
   135 0
   136 0
   137 0
   138 0
   139 0
   140 0
   141 0
   142 0
   143 0
   144 0
   145 0
   146 0
   147 0
   148 0
   149 0
   150 0
   151 0
   152 0
   153 0
   154 0
   155 0
   156 0
   157 0
   158 0
   159 0
   160 0
   161 0
   162 0
   163 0
   164 0
   165 0
   166 0
   167 0
   168 0
   169 0
   170 0
   171 0
   172 0
   173 0
   174 0
   175 0
   176 0
   177 0
   178 0
   179 0
   180 0
   181 0
   182 0
   183 0
   184 0
   185 0
   186 0
   187 0
   188 0
   189 0
   190 0
   191 0
   192 0
   193 0
   194 0
   195 0
   196 0
   197 0
   198 0
   199 0