   0 0.000257602
   1 0.0333848
   2 0.0369384
   3 0.0543603
   4 0.0644631
   5 0.0988081
   6 0.126476
   7 0.142816
   8 0.110957
   9 0.336666
   10 0.500821
   11 0.649342
   12 0.706287
   13 0.745277
   14 0.776572
   15 0.833834
   16 0.934339
   17 1.03921
   18 1.11786
   19 1.16963
   20 1.22937
   21 1.27166
   22 1.32283
   23 1.34743
   24 1.36363
   25 1.36592
   26 1.36897
   27 1.37427
   28 1.38171
   29 1.36432
   30 1.32755
   31 1.2594
   32 1.19713
   33 1.12845
   34 1.05317
   35 0.989937
   36 0.943806
   37 0.904697
   38 0.854686
   39 0.820079
   40 0.824793
   41 0.869762
   42 0.944369
   43 1.06155
   44 1.21909
   45 1.39626
   46 1.57618
   47 1.61634
   48 1.62294
   49 1.54894
   50 1.36963
   51 1.16543
   52 0.947417
   53 0.732793
   54 0.550127
   55 0.38754
   56 0.269213
   57 0.186231
   58 0.127873
   59 0.0884919
   60 0.0632293
   61 0.0460731
   62 0.0344536
   63 0.0255458
   64 0.0203627
   65 0.0148038
   66 0.0105845
   67 0.00913216
   68 0.00803693
   69 0.00741781
   70 0.00634678
   71 0.00501481
   72 0.00456382
   73 0.00439386
   74 0.00356597
   75 0.00260829
   76 0.00157633
   77 0.00142564
   78 0.000766502
   79 0.000445041
   80 0.000207522
   81 0.000158388
   82 0.000162244
   83 8.99291e-05
   84 0.000106858
   85 5.81086e-05
   86 3.98504e-05
   87 1.51732e-05
   88 1.37204e-05
   89 2.05579e-05
   90 1.05628e-05
   91 5.50724e-05
   92 2.45336e-05
   93 1.24686e-05
   94 1.38288e-06
   95 4.19931e-07
   96 1.2722e-05
   97 1.63316e-06
   98 5.47371e-07
   99 1.9243e-07
   100 7.64802e-05
   101 0
   102 0.000158351
   103 4.23785e-05
   104 4.48831e-05
   105 1.17569e-05
   106 0
   107 2.08262e-06
   108 1.58431e-06
   109 7.94782e-07
   110 7.88752e-07
   111 3.87118e-07
   112 9.396e-08
   113 0
   114 2.14208e-08
   115 2.0119e-08
   116 3.11466e-09
   117 0
   118 0
   119 8.75272e-10
   120 1.94446e-10
   121 2.13739e-11
   122 1.85075e-11
   123 1.59594e-11
   124 1.3497e-11
   125 1.40962e-12
   126 6.06015e-13
   127 0
   128 2.22187e-13
   129 1.44627e-13
   130 0
   131 0
   132 0
   133 0
   134 0
   135 0
   136 0
   137 0
   138 0
   139 0
   140 0
   141 0
   142 0
   143 0
   144 0
   145 0
   146 0
   147 0
   148 0
   149 0
   150 0
   151 0
   152 0
   153 0
   154 0
   155 0
   156 0
   157 0
   158 0
   159 0
   160 0
   161 0
   162 0
   163 0
   164 0
   165 0
   166 0
   167 0
   168 0
   169 0
   170 0
   171 0
   172 0
   173 0
   174 0
   175 0
   176 0
   177 0
   178 0
   179 0
   180 0
   181 0
   182 0
   183 0
   184 0
   185 0
   186 0
   187 0
   188 0
   189 0
   190 0
   191 0
   192 0
   193 0
   194 0
   195 0
   196 0
   197 0
   198 0
   199 0