   0 0.000315827
   1 0.0527036
   2 0.0413225
   3 0.0620026
   4 0.0542965
   5 0.120984
   6 0.151445
   7 0.168966
   8 0.117935
   9 0.322044
   10 0.485897
   11 0.672483
   12 0.688861
   13 0.741099
   14 0.748808
   15 0.864382
   16 0.942986
   17 1.03822
   18 1.10316
   19 1.14407
   20 1.19959
   21 1.27606
   22 1.31397
   23 1.32651
   24 1.36784
   25 1.33449
   26 1.36709
   27 1.3716
   28 1.37197
   29 1.35816
   30 1.33401
   31 1.26185
   32 1.20222
   33 1.12728
   34 1.04911
   35 0.982138
   36 0.936356
   37 0.910467
   38 0.843734
   39 0.80721
   40 0.825838
   41 0.860827
   42 0.944329
   43 1.06376
   44 1.1922
   45 1.37812
   46 1.48985
   47 1.62666
   48 1.67106
   49 1.51655
   50 1.34485
   51 1.17348
   52 0.945055
   53 0.728756
   54 0.532765
   55 0.378915
   56 0.271236
   57 0.186851
   58 0.125089
   59 0.0890678
   60 0.0629706
   61 0.0464852
   62 0.0343196
   63 0.0252689
   64 0.020226
   65 0.0150903
   66 0.00984379
   67 0.00990507
   68 0.00751186
   69 0.00772322
   70 0.00699195
   71 0.00458382
   72 0.00558222
   73 0.00310929
   74 0.00240857
   75 0.00168443
   76 0.00146001
   77 0.00499394
   78 0.00467633
   79 0.000367249
   80 0.000211747
   81 0.000110658
   82 0.000108464
   83 0.00436503
   84 4.54291e-05
   85 0.000306532
   86 0.000101269
   87 1.33549e-05
   88 1.10403e-05
   89 8.5308e-06
   90 1.48043e-05
   91 5.5405e-05
   92 1.0954e-05
   93 2.82123e-05
   94 4.4911e-05
   95 5.95063e-07
   96 6.56841e-06
   97 3.87141e-07
   98 8.93921e-06
   99 2.61651e-07
   100 0
   101 0
   102 0
   103 0
   104 0
   105 0
   106 0
   107 0
   108 0
   109 0
   110 0
   111 0
   112 0
   113 0
   114 0
   115 0
   116 0
   117 0
   118 0
   119 0
   120 0
   121 0
   122 0
   123 0
   124 9.03939e-13
   125 0
   126 0
   127 0
   128 0
   129 0
   130 0
   131 0
   132 0
   133 0
   134 0
   135 0
   136 0
   137 0
   138 0
   139 0
   140 0
   141 0
   142 0
   143 0
   144 0
   145 0
   146 0
   147 0
   148 0
   149 0
   150 0
   151 0
   152 0
   153 0
   154 0
   155 0
   156 0
   157 0
   158 0
   159 0
   160 0
   161 0
   162 0
   163 0
   164 0
   165 0
   166 0
   167 0
   168 0
   169 0
   170 0
   171 0
   172 0
   173 0
   174 0
   175 0
   176 0
   177 0
   178 0
   179 0
   180 0
   181 0
   182 0
   183 0
   184 0
   185 0
   186 0
   187 0
   188 0
   189 0
   190 0
   191 0
   192 0
   193 0
   194 0
   195 0
   196 0
   197 0
   198 0
   199 0