   0 0.000275189
   1 0.0252963
   2 0.037462
   3 0.06495
   4 0.0675391
   5 0.117751
   6 0.128082
   7 0.15929
   8 0.117158
   9 0.331574
   10 0.486952
   11 0.657572
   12 0.705092
   13 0.732769
   14 0.755158
   15 0.834778
   16 0.934696
   17 1.03222
   18 1.1182
   19 1.16291
   20 1.2082
   21 1.25885
   22 1.31254
   23 1.34411
   24 1.36478
   25 1.36103
   26 1.37021
   27 1.36689
   28 1.3772
   29 1.37113
   30 1.33266
   31 1.26273
   32 1.19997
   33 1.13095
   34 1.05522
   35 0.984695
   36 0.939695
   37 0.902754
   38 0.854262
   39 0.815152
   40 0.820453
   41 0.864618
   42 0.95055
   43 1.05902
   44 1.20706
   45 1.39413
   46 1.5611
   47 1.62359
   48 1.6464
   49 1.56075
   50 1.35066
   51 1.14497
   52 0.954897
   53 0.730825
   54 0.545594
   55 0.3872
   56 0.271679
   57 0.186519
   58 0.127856
   59 0.0881657
   60 0.0622431
   61 0.0450481
   62 0.0348693
   63 0.0253443
   64 0.0201167
   65 0.0149458
   66 0.010838
   67 0.0087174
   68 0.00819117
   69 0.00715707
   70 0.00658866
   71 0.00496142
   72 0.00665873
   73 0.00435638
   74 0.00372912
   75 0.00295566
   76 0.00310045
   77 0.00257854
   78 0.000971005
   79 0.000286199
   80 0.000148262
   81 0.000149266
   82 0.000197834
   83 9.37795e-05
   84 5.53012e-05
   85 0.000127973
   86 2.85663e-05
   87 1.98276e-05
   88 1.33237e-05
   89 2.15607e-05
   90 3.46376e-05
   91 1.31337e-05
   92 0.000973706
   93 2.87107e-05
   94 1.72175e-05
   95 7.15619e-07
   96 1.38872e-05
   97 2.97805e-06
   98 2.73775e-07
   99 1.9394e-07
   100 0
   101 0
   102 5.01442e-05
   103 2.68396e-05
   104 0
   105 0
   106 0
   107 1.97848e-06
   108 5.01696e-07
   109 0
   110 0
   111 1.22587e-07
   112 5.95076e-08
   113 0
   114 1.35664e-08
   115 0
   116 0
   117 0
   118 0
   119 0
   120 0
   121 0
   122 0
   123 2.52689e-12
   124 4.27403e-12
   125 0
   126 0
   127 0
   128 0
   129 0
   130 0
   131 0
   132 0
   133 0
   134 0
   135 0
   136 0
   137 0
   138 0
   139 0
   140 0
   141 0
   142 0
   143 0
   144 0
   145 0
   146 0
   147 0
   148 0
   149 0
   150 0
   151 0
   152 0
   153 0
   154 0
   155 0
   156 0
   157 0
   158 0
   159 0
   160 0
   161 0
   162 0
   163 0
   164 0
   165 0
   166 0
   167 0
   168 0
   169 0
   170 0
   171 0
   172 0
   173 0
   174 0
   175 0
   176 0
   177 0
   178 0
   179 0
   180 0
   181 0
   182 0
   183 0
   184 0
   185 0
   186 0
   187 0
   188 0
   189 0
   190 0
   191 0
   192 0
   193 0
   194 0
   195 0
   196 0
   197 0
   198 0
   199 0