   0 0.00054874
   1 0.0968336
   2 0.202862
   3 0.0719329
   4 0.0737503
   5 0.169992
   6 0.133859
   7 0.17084
   8 0.0958463
   9 0.300574
   10 0.423534
   11 0.593142
   12 1.08232
   13 0.907166
   14 0.872151
   15 0.823422
   16 0.880786
   17 0.953605
   18 1.04201
   19 1.10085
   20 1.15163
   21 1.19925
   22 1.26336
   23 1.34361
   24 1.34573
   25 1.34648
   26 1.34756
   27 1.3422
   28 1.37761
   29 1.34553
   30 1.31604
   31 1.23289
   32 1.15501
   33 1.08996
   34 1.03184
   35 0.969969
   36 0.860682
   37 0.882732
   38 0.837083
   39 0.777155
   40 0.821465
   41 0.844506
   42 0.927752
   43 1.05168
   44 1.18149
   45 1.39447
   46 1.5452
   47 1.61127
   48 1.63434
   49 1.5577
   50 1.36968
   51 1.1888
   52 0.959652
   53 0.726219
   54 0.54565
   55 0.394917
   56 0.281604
   57 0.189527
   58 0.129599
   59 0.0896255
   60 0.0641257
   61 0.0461031
   62 0.0347479
   63 0.0263655
   64 0.0222834
   65 0.0158785
   66 0.0110692
   67 0.0076601
   68 0.00885403
   69 0.00823487
   70 0.00404994
   71 0.00620701
   72 0.00779535
   73 0.00712614
   74 0.00577258
   75 0.00480593
   76 0.00445609
   77 0.00110232
   78 0.00487902
   79 0.00448588
   80 0.00101927
   81 0.00501505
   82 0.00653976
   83 0.00508266
   84 0.00817064
   85 0.00347596
   86 0.00132022
   87 9.74999e-06
   88 0
   89 0
   90 1.10302e-06
   91 0
   92 0
   93 0
   94 1.06257e-07
   95 0
   96 1.87458e-06
   97 0
   98 1.32662e-05
   99 3.0865e-07
   100 0
   101 0
   102 0
   103 0
   104 0
   105 0
   106 0
   107 0
   108 0
   109 0
   110 0
   111 0
   112 0
   113 0
   114 0
   115 0
   116 0
   117 0
   118 0
   119 0
   120 0
   121 0
   122 0
   123 0
   124 0
   125 0
   126 0
   127 0
   128 0
   129 0
   130 0
   131 0
   132 0
   133 0
   134 0
   135 0
   136 0
   137 0
   138 0
   139 0
   140 0
   141 0
   142 0
   143 0
   144 0
   145 0
   146 0
   147 0
   148 0
   149 0
   150 0
   151 0
   152 0
   153 0
   154 0
   155 0
   156 0
   157 0
   158 0
   159 0
   160 0
   161 0
   162 0
   163 0
   164 0
   165 0
   166 0
   167 0
   168 0
   169 0
   170 0
   171 0
   172 0
   173 0
   174 0
   175 0
   176 0
   177 0
   178 0
   179 0
   180 0
   181 0
   182 0
   183 0
   184 0
   185 0
   186 0
   187 0
   188 0
   189 0
   190 0
   191 0
   192 0
   193 0
   194 0
   195 0
   196 0
   197 0
   198 0
   199 0