   0 0.000231389
   1 0.0591823
   2 0.038875
   3 0.0505708
   4 0.0598014
   5 0.145418
   6 0.146289
   7 0.0933606
   8 0.125086
   9 0.380292
   10 0.45587
   11 0.648563
   12 0.689668
   13 0.741984
   14 0.764516
   15 0.847558
   16 0.950651
   17 1.05372
   18 1.14449
   19 1.18776
   20 1.2332
   21 1.29736
   22 1.32306
   23 1.35461
   24 1.37956
   25 1.3879
   26 1.3963
   27 1.37374
   28 1.39702
   29 1.37683
   30 1.32506
   31 1.26141
   32 1.20658
   33 1.12994
   34 1.05601
   35 0.990249
   36 0.950328
   37 0.9062
   38 0.865641
   39 0.825358
   40 0.830885
   41 0.871937
   42 0.941878
   43 1.08889
   44 1.23996
   45 1.40128
   46 1.55026
   47 1.6621
   48 1.60148
   49 1.60361
   50 1.36473
   51 1.11337
   52 0.967208
   53 0.729238
   54 0.552561
   55 0.383556
   56 0.24529
   57 0.189659
   58 0.125838
   59 0.0865809
   60 0.0643969
   61 0.0445493
   62 0.0343058
   63 0.0233018
   64 0.0203804
   65 0.0150481
   66 0.0110755
   67 0.00891853
   68 0.00836665
   69 0.0079247
   70 0.00407502
   71 0.00452339
   72 0.00237544
   73 0.00708334
   74 0.00437793
   75 0.00249405
   76 0.00341781
   77 0.00519139
   78 0.00053657
   79 0.000794088
   80 0.000148396
   81 7.66806e-05
   82 0.00540243
   83 2.68633e-05
   84 0.00261278
   85 5.86676e-05
   86 0.00297442
   87 4.62166e-06
   88 4.71626e-05
   89 0.00157648
   90 0.00240829
   91 0.00145775
   92 0.000194205
   93 0.000172935
   94 3.81177e-05
   95 8.87208e-05
   96 1.70343e-05
   97 3.88456e-05
   98 1.31509e-05
   99 2.03978e-07
   100 0
   101 0
   102 0
   103 0
   104 0
   105 0
   106 0
   107 0
   108 0
   109 0
   110 0
   111 0
   112 0
   113 0
   114 0
   115 0
   116 0
   117 0
   118 0
   119 3.31686e-11
   120 0
   121 0
   122 0
   123 0
   124 0
   125 0
   126 0
   127 0
   128 0
   129 0
   130 0
   131 0
   132 0
   133 0
   134 0
   135 0
   136 0
   137 0
   138 0
   139 0
   140 0
   141 0
   142 0
   143 0
   144 0
   145 0
   146 0
   147 0
   148 0
   149 0
   150 0
   151 0
   152 0
   153 0
   154 0
   155 0
   156 0
   157 0
   158 0
   159 0
   160 0
   161 0
   162 0
   163 0
   164 0
   165 0
   166 0
   167 0
   168 0
   169 0
   170 0
   171 0
   172 0
   173 0
   174 0
   175 0
   176 0
   177 0
   178 0
   179 0
   180 0
   181 0
   182 0
   183 0
   184 0
   185 0
   186 0
   187 0
   188 0
   189 0
   190 0
   191 0
   192 0
   193 0
   194 0
   195 0
   196 0
   197 0
   198 0
   199 0