   0 0.000328818
   1 0.0251724
   2 0.0684137
   3 0.0592344
   4 0.0558788
   5 0.0766294
   6 0.0908638
   7 0.152325
   8 0.105721
   9 0.429972
   10 0.503585
   11 0.697466
   12 0.793411
   13 0.744662
   14 0.859694
   15 0.842817
   16 0.929131
   17 1.03623
   18 1.11741
   19 1.17076
   20 1.22574
   21 1.26865
   22 1.32021
   23 1.35926
   24 1.34965
   25 1.35991
   26 1.37653
   27 1.35567
   28 1.3821
   29 1.34307
   30 1.32881
   31 1.23437
   32 1.1948
   33 1.08604
   34 1.04304
   35 0.983458
   36 0.940458
   37 0.906105
   38 0.845118
   39 0.805393
   40 0.814134
   41 0.825964
   42 0.936455
   43 1.04886
   44 1.2006
   45 1.37003
   46 1.5712
   47 1.60657
   48 1.64049
   49 1.55235
   50 1.36539
   51 1.15778
   52 0.969738
   53 0.737301
   54 0.548967
   55 0.401131
   56 0.270827
   57 0.186827
   58 0.129121
   59 0.0901122
   60 0.0638256
   61 0.0469796
   62 0.0337518
   63 0.0255795
   64 0.0213864
   65 0.015696
   66 0.0106887
   67 0.00837819
   68 0.00789
   69 0.00813564
   70 0.00528273
   71 0.0068434
   72 0.00358088
   73 0.00202238
   74 0.00350969
   75 0.00241231
   76 0.000452608
   77 0.00540497
   78 0.000432466
   79 0.000238746
   80 0.000274057
   81 0.000104856
   82 0.000132694
   83 0.000294916
   84 0.00402031
   85 0.000261784
   86 6.96404e-06
   87 0.00185355
   88 1.47363e-05
   89 0.00130416
   90 0.00119537
   91 0.00144713
   92 0.000433778
   93 8.31357e-07
   94 3.59098e-07
   95 0.000176149
   96 2.25469e-05
   97 5.78439e-05
   98 4.20318e-08
   99 2.27804e-07
   100 0
   101 0
   102 0
   103 3.18848e-06
   104 0
   105 0
   106 0
   107 0
   108 0
   109 0
   110 0
   111 0
   112 0
   113 0
   114 0
   115 0
   116 0
   117 0
   118 0
   119 0
   120 0
   121 0
   122 0
   123 0
   124 0
   125 0
   126 0
   127 0
   128 0
   129 1.08815e-14
   130 0
   131 0
   132 0
   133 0
   134 0
   135 0
   136 0
   137 0
   138 0
   139 0
   140 0
   141 0
   142 0
   143 0
   144 0
   145 0
   146 0
   147 0
   148 0
   149 0
   150 0
   151 0
   152 0
   153 0
   154 0
   155 0
   156 0
   157 0
   158 0
   159 0
   160 0
   161 0
   162 0
   163 0
   164 0
   165 0
   166 0
   167 0
   168 0
   169 0
   170 0
   171 0
   172 0
   173 0
   174 0
   175 0
   176 0
   177 0
   178 0
   179 0
   180 0
   181 0
   182 0
   183 0
   184 0
   185 0
   186 0
   187 0
   188 0
   189 0
   190 0
   191 0
   192 0
   193 0
   194 0
   195 0
   196 0
   197 0
   198 0
   199 0