   0 0.000750095
   1 0.571633
   2 0.664093
   3 0.490237
   4 0.251943
   5 0.223683
   6 0.375845
   7 0.434006
   8 0.232629
   9 0.618752
   10 0.626999
   11 0.614649
   12 0.599185
   13 0.565414
   14 0.710185
   15 0.793221
   16 0.947977
   17 1.06196
   18 1.17005
   19 1.13386
   20 1.20831
   21 1.24351
   22 1.29118
   23 1.26049
   24 1.3887
   25 1.37442
   26 1.38935
   27 1.42064
   28 1.38135
   29 1.37303
   30 1.23226
   31 1.30106
   32 1.19683
   33 1.14271
   34 1.05543
   35 1.01771
   36 0.931149
   37 0.917483
   38 0.850988
   39 0.796979
   40 0.831176
   41 0.868359
   42 0.960445
   43 1.05596
   44 1.20238
   45 1.11431
   46 1.6053
   47 1.6525
   48 1.71573
   49 1.55922
   50 1.29253
   51 1.08094
   52 0.897492
   53 0.703996
   54 0.544262
   55 0.227554
   56 0.263157
   57 0.17914
   58 0.124283
   59 0.086344
   60 0.0611114
   61 0.045162
   62 0.0346489
   63 0.0264738
   64 0.021714
   65 0.0154317
   66 0.0118169
   67 0.00930128
   68 0.00481229
   69 0.00811178
   70 0.00734622
   71 0.00695437
   72 0.00996837
   73 0.00776521
   74 0.00518522
   75 0.00507769
   76 0.00352067
   77 0.00488043
   78 0.0030158
   79 5.69978e-05
   80 0.00615376
   81 0.00403706
   82 0.00394832
   83 1.67684e-05
   84 0.00109621
   85 2.43455e-06
   86 0
   87 0.000833917
   88 0
   89 8.69684e-07
   90 0
   91 0.000118376
   92 0
   93 0
   94 0
   95 0
   96 0
   97 0
   98 0
   99 1.86345e-07
   100 0
   101 0
   102 0
   103 0
   104 0
   105 0
   106 0
   107 0
   108 0
   109 0
   110 0
   111 0
   112 0
   113 0
   114 0
   115 0
   116 0
   117 0
   118 0
   119 0
   120 0
   121 0
   122 0
   123 0
   124 0
   125 0
   126 0
   127 0
   128 0
   129 0
   130 0
   131 0
   132 0
   133 0
   134 0
   135 0
   136 0
   137 0
   138 0
   139 0
   140 0
   141 0
   142 0
   143 0
   144 0
   145 0
   146 0
   147 0
   148 0
   149 0
   150 0
   151 0
   152 0
   153 0
   154 0
   155 0
   156 0
   157 0
   158 0
   159 0
   160 0
   161 0
   162 0
   163 0
   164 0
   165 0
   166 0
   167 0
   168 0
   169 0
   170 0
   171 0
   172 0
   173 0
   174 0
   175 0
   176 0
   177 0
   178 0
   179 0
   180 0
   181 0
   182 0
   183 0
   184 0
   185 0
   186 0
   187 0
   188 0
   189 0
   190 0
   191 0
   192 0
   193 0
   194 0
   195 0
   196 0
   197 0
   198 0
   199 0