   0 0.000288759
   1 0.0216537
   2 0.0288316
   3 0.0449722
   4 0.0782012
   5 0.113451
   6 0.112892
   7 0.162609
   8 0.122152
   9 0.389666
   10 0.444471
   11 0.565206
   12 0.657687
   13 0.716844
   14 0.760163
   15 0.79701
   16 0.937436
   17 1.02976
   18 1.10379
   19 1.15885
   20 1.20467
   21 1.25756
   22 1.30823
   23 1.34376
   24 1.37109
   25 1.37535
   26 1.35047
   27 1.3769
   28 1.3806
   29 1.37246
   30 1.31707
   31 1.26308
   32 1.20759
   33 1.12556
   34 1.0541
   35 0.987496
   36 0.949277
   37 0.892816
   38 0.861599
   39 0.804781
   40 0.828789
   41 0.88098
   42 0.949738
   43 1.07617
   44 1.23568
   45 1.38731
   46 1.58456
   47 1.61813
   48 1.65143
   49 1.5728
   50 1.34366
   51 1.17967
   52 0.970588
   53 0.705464
   54 0.551682
   55 0.385703
   56 0.272112
   57 0.18614
   58 0.129628
   59 0.085208
   60 0.0636708
   61 0.0441415
   62 0.0348731
   63 0.0235471
   64 0.0208667
   65 0.0155227
   66 0.0112982
   67 0.00877457
   68 0.00819739
   69 0.00794475
   70 0.00762111
   71 0.0048729
   72 0.00576455
   73 0.00598709
   74 0.00399987
   75 0.00449181
   76 0.0022781
   77 0.00114582
   78 0.000712175
   79 0.00435536
   80 0.000341397
   81 0.000279106
   82 7.30504e-05
   83 4.26204e-05
   84 7.84653e-05
   85 7.92043e-05
   86 0.00313991
   87 1.99978e-05
   88 0.00218055
   89 5.28755e-06
   90 0.00105653
   91 0.00447668
   92 1.02434e-05
   93 8.12869e-06
   94 3.30904e-06
   95 3.50202e-07
   96 3.48743e-05
   97 4.47348e-05
   98 3.36547e-05
   99 2.67188e-07
   100 0
   101 0
   102 0
   103 0
   104 0
   105 0
   106 0
   107 3.63545e-07
   108 0
   109 0
   110 0
   111 0
   112 0
   113 0
   114 0
   115 0
   116 0
   117 0
   118 0
   119 0
   120 0
   121 0
   122 0
   123 0
   124 7.85351e-13
   125 3.28087e-13
   126 1.41049e-13
   127 0
   128 0
   129 0
   130 0
   131 0
   132 0
   133 0
   134 0
   135 0
   136 0
   137 0
   138 0
   139 0
   140 0
   141 0
   142 0
   143 0
   144 0
   145 0
   146 0
   147 0
   148 0
   149 0
   150 0
   151 0
   152 0
   153 0
   154 0
   155 0
   156 0
   157 0
   158 0
   159 0
   160 0
   161 0
   162 0
   163 0
   164 0
   165 0
   166 0
   167 0
   168 0
   169 0
   170 0
   171 0
   172 0
   173 0
   174 0
   175 0
   176 0
   177 0
   178 0
   179 0
   180 0
   181 0
   182 0
   183 0
   184 0
   185 0
   186 0
   187 0
   188 0
   189 0
   190 0
   191 0
   192 0
   193 0
   194 0
   195 0
   196 0
   197 0
   198 0
   199 0