   0 0.000491925
   1 3.21544
   2 0.415058
   3 0.731403
   4 0.585915
   5 0.542515
   6 0.549209
   7 0.720225
   8 0.328786
   9 0.844181
   10 0.904921
   11 0.788101
   12 0.761487
   13 0.837186
   14 1.12506
   15 1.08679
   16 1.10973
   17 1.13052
   18 1.22119
   19 1.23666
   20 1.22287
   21 1.31909
   22 1.3051
   23 1.32891
   24 1.33884
   25 1.34907
   26 1.3481
   27 1.24317
   28 1.1052
   29 1.33888
   30 1.27333
   31 1.22913
   32 0.985488
   33 1.01235
   34 1.04562
   35 0.972447
   36 0.941348
   37 0.87049
   38 0.834231
   39 0.780621
   40 0.713678
   41 0.862276
   42 0.928468
   43 1.0143
   44 1.21912
   45 1.36476
   46 1.61269
   47 1.6126
   48 1.66974
   49 1.59043
   50 1.41114
   51 1.18686
   52 0.93219
   53 0.74564
   54 0.548397
   55 0.39186
   56 0.281654
   57 0.191511
   58 0.131421
   59 0.0881491
   60 0.0636917
   61 0.0455411
   62 0.0174795
   63 0.0280301
   64 0.0169506
   65 0.0153823
   66 0.0115116
   67 0.00947982
   68 0.00845235
   69 0.00701722
   70 0.00748596
   71 0.00627825
   72 0.00687474
   73 0.00698188
   74 0.00577701
   75 0.00480322
   76 0.00396075
   77 0.00495669
   78 0.00879609
   79 0.0043728
   80 0.0076922
   81 0.00302779
   82 0.0098708
   83 0.00639294
   84 0
   85 0
   86 0
   87 0
   88 4.18231e-07
   89 0
   90 0
   91 0
   92 0
   93 0
   94 0
   95 1.80114e-05
   96 0
   97 5.91459e-06
   98 0
   99 2.66207e-07
   100 0
   101 0
   102 0
   103 0
   104 0
   105 0
   106 0
   107 0
   108 0
   109 0
   110 0
   111 0
   112 0
   113 0
   114 0
   115 0
   116 0
   117 0
   118 0
   119 0
   120 0
   121 0
   122 0
   123 0
   124 0
   125 0
   126 0
   127 0
   128 0
   129 0
   130 0
   131 0
   132 0
   133 0
   134 0
   135 0
   136 0
   137 0
   138 0
   139 0
   140 0
   141 0
   142 0
   143 0
   144 0
   145 0
   146 0
   147 0
   148 0
   149 0
   150 0
   151 0
   152 0
   153 0
   154 0
   155 0
   156 0
   157 0
   158 0
   159 0
   160 0
   161 0
   162 0
   163 0
   164 0
   165 0
   166 0
   167 0
   168 0
   169 0
   170 0
   171 0
   172 0
   173 0
   174 0
   175 0
   176 0
   177 0
   178 0
   179 0
   180 0
   181 0
   182 0
   183 0
   184 0
   185 0
   186 0
   187 0
   188 0
   189 0
   190 0
   191 0
   192 0
   193 0
   194 0
   195 0
   196 0
   197 0
   198 0
   199 0