   0 0.000237723
   1 0.0255055
   2 0.0241632
   3 0.0447245
   4 0.0524973
   5 0.0810982
   6 0.124622
   7 0.156276
   8 0.0900019
   9 0.355251
   10 0.464422
   11 0.655764
   12 0.69266
   13 0.740126
   14 0.773544
   15 0.824423
   16 0.915049
   17 1.04234
   18 1.1341
   19 1.17687
   20 1.24914
   21 1.29282
   22 1.32738
   23 1.35928
   24 1.35935
   25 1.38585
   26 1.38155
   27 1.38058
   28 1.39715
   29 1.37807
   30 1.34201
   31 1.2693
   32 1.20566
   33 1.13481
   34 1.05642
   35 1.0066
   36 0.9487
   37 0.913954
   38 0.859413
   39 0.822186
   40 0.837712
   41 0.87216
   42 0.93329
   43 1.0633
   44 1.22925
   45 1.40857
   46 1.56523
   47 1.64843
   48 1.67347
   49 1.51203
   50 1.38382
   51 1.19335
   52 0.966738
   53 0.739404
   54 0.562367
   55 0.395392
   56 0.271736
   57 0.186327
   58 0.129737
   59 0.0873551
   60 0.0603704
   61 0.0468554
   62 0.0341867
   63 0.0240325
   64 0.0189407
   65 0.0145468
   66 0.0100657
   67 0.00916285
   68 0.00773117
   69 0.00745251
   70 0.00587165
   71 0.0054875
   72 0.00686215
   73 0.00356384
   74 0.0055808
   75 0.00210241
   76 0.00181652
   77 0.00130241
   78 0.00231029
   79 0.000544079
   80 0.000223129
   81 9.90288e-05
   82 0.000114996
   83 7.40221e-05
   84 7.87605e-05
   85 2.62422e-05
   86 1.42457e-05
   87 0.000380151
   88 1.57132e-05
   89 3.56503e-06
   90 2.5802e-05
   91 0.000411825
   92 0.000586362
   93 1.47889e-06
   94 0.000125909
   95 6.34961e-05
   96 1.24682e-05
   97 8.68788e-06
   98 5.28361e-07
   99 2.29161e-07
   100 1.81494e-05
   101 0
   102 0
   103 0
   104 0
   105 0
   106 0
   107 0
   108 0
   109 0
   110 0
   111 3.93713e-08
   112 0
   113 0
   114 0
   115 0
   116 0
   117 0
   118 0
   119 0
   120 0
   121 0
   122 0
   123 0
   124 0
   125 5.73455e-13
   126 2.46536e-13
   127 0
   128 0
   129 0
   130 0
   131 0
   132 0
   133 0
   134 0
   135 0
   136 0
   137 0
   138 0
   139 0
   140 0
   141 0
   142 0
   143 0
   144 0
   145 0
   146 0
   147 0
   148 0
   149 0
   150 0
   151 0
   152 0
   153 0
   154 0
   155 0
   156 0
   157 0
   158 0
   159 0
   160 0
   161 0
   162 0
   163 0
   164 0
   165 0
   166 0
   167 0
   168 0
   169 0
   170 0
   171 0
   172 0
   173 0
   174 0
   175 0
   176 0
   177 0
   178 0
   179 0
   180 0
   181 0
   182 0
   183 0
   184 0
   185 0
   186 0
   187 0
   188 0
   189 0
   190 0
   191 0
   192 0
   193 0
   194 0
   195 0
   196 0
   197 0
   198 0
   199 0