   0 0.000292661
   1 0.0317134
   2 0.0532619
   3 0.0675289
   4 0.0871131
   5 0.125816
   6 0.130272
   7 0.143185
   8 0.117109
   9 0.367889
   10 0.533126
   11 0.647847
   12 0.693145
   13 0.744554
   14 0.776193
   15 0.839411
   16 0.91987
   17 1.03805
   18 1.09793
   19 1.16604
   20 1.21488
   21 1.26752
   22 1.31605
   23 1.34198
   24 1.34313
   25 1.36311
   26 1.36232
   27 1.36637
   28 1.37051
   29 1.3443
   30 1.32437
   31 1.25464
   32 1.18927
   33 1.12134
   34 1.04542
   35 0.979089
   36 0.936855
   37 0.896297
   38 0.851312
   39 0.809602
   40 0.823088
   41 0.865519
   42 0.945651
   43 1.05684
   44 1.21669
   45 1.38803
   46 1.54941
   47 1.62326
   48 1.64579
   49 1.55579
   50 1.35253
   51 1.15444
   52 0.946215
   53 0.722036
   54 0.553834
   55 0.388492
   56 0.27181
   57 0.182881
   58 0.128361
   59 0.0891185
   60 0.0631677
   61 0.0460329
   62 0.0338722
   63 0.0260439
   64 0.020111
   65 0.0148793
   66 0.01071
   67 0.00929061
   68 0.00813579
   69 0.00736939
   70 0.00585549
   71 0.00433128
   72 0.006855
   73 0.00453993
   74 0.00337533
   75 0.00385289
   76 0.0022846
   77 0.00160587
   78 0.000669244
   79 0.000945911
   80 0.000131926
   81 0.000154978
   82 0.000408191
   83 5.16515e-05
   84 8.62055e-05
   85 7.23838e-05
   86 0.000153908
   87 1.67133e-05
   88 1.1934e-05
   89 2.15719e-05
   90 1.45954e-05
   91 6.13544e-06
   92 5.28623e-05
   93 0.000287974
   94 1.47413e-06
   95 1.15157e-06
   96 1.10855e-05
   97 1.1063e-06
   98 5.17923e-07
   99 2.24102e-07
   100 0
   101 0
   102 0
   103 0
   104 0
   105 0
   106 0
   107 0
   108 0
   109 0
   110 0
   111 0
   112 1.67994e-08
   113 0
   114 7.65981e-09
   115 0
   116 1.67064e-09
   117 0
   118 0
   119 0
   120 0
   121 0
   122 0
   123 0
   124 0
   125 0
   126 0
   127 0
   128 0
   129 0
   130 0
   131 0
   132 0
   133 0
   134 0
   135 0
   136 0
   137 0
   138 0
   139 0
   140 0
   141 0
   142 0
   143 0
   144 0
   145 0
   146 0
   147 0
   148 0
   149 0
   150 0
   151 0
   152 0
   153 0
   154 0
   155 0
   156 0
   157 0
   158 0
   159 0
   160 0
   161 0
   162 0
   163 0
   164 0
   165 0
   166 0
   167 0
   168 0
   169 0
   170 0
   171 0
   172 0
   173 0
   174 0
   175 0
   176 0
   177 0
   178 0
   179 0
   180 0
   181 0
   182 0
   183 0
   184 0
   185 0
   186 0
   187 0
   188 0
   189 0
   190 0
   191 0
   192 0
   193 0
   194 0
   195 0
   196 0
   197 0
   198 0
   199 0