   0 0
   1 0.636656
   2 0
   3 2.24467
   4 0.831413
   5 0.7197
   6 1.9302
   7 1.03388
   8 0.954795
   9 1.95802
   10 2.72345
   11 1.51454
   12 1.42574
   13 1.22926
   14 1.23433
   15 1.23902
   16 1.17653
   17 1.14682
   18 1.16567
   19 1.2188
   20 1.1907
   21 1.25905
   22 1.32115
   23 1.25489
   24 1.27721
   25 1.26916
   26 1.32177
   27 1.19827
   28 1.24538
   29 1.31052
   30 1.21144
   31 1.12603
   32 1.04718
   33 0.991818
   34 0.9722
   35 0.914193
   36 0.824443
   37 0.854143
   38 0.729496
   39 0.706673
   40 0.801732
   41 0.823925
   42 0.865628
   43 0.975431
   44 1.22838
   45 1.28562
   46 1.4554
   47 1.46247
   48 1.61568
   49 1.4847
   50 1.29055
   51 1.03731
   52 0.904958
   53 0.667826
   54 0.478973
   55 0.374415
   56 0.259025
   57 0.181843
   58 0.135069
   59 0.0879204
   60 0.0607275
   61 0.0474002
   62 0.032993
   63 0.0286593
   64 0.0202825
   65 0.0150359
   66 0.00937917
   67 0.00789786
   68 0.0116552
   69 0.00599431
   70 0.0136364
   71 0.00471067
   72 0.00493434
   73 0.0131329
   74 0.00657712
   75 0.00175942
   76 0.00588172
   77 0.0078514
   78 0.00261244
   79 0.00346326
   80 0
   81 0
   82 0
   83 0.000632901
   84 0
   85 0
   86 0
   87 0
   88 0
   89 0
   90 0
   91 0
   92 0
   93 0
   94 0
   95 0
   96 0
   97 0
   98 0
   99 0
   100 0
   101 0
   102 0
   103 0
   104 0
   105 0
   106 0
   107 0
   108 0
   109 0
   110 0
   111 0
   112 0
   113 0
   114 0
   115 0
   116 0
   117 0
   118 0
   119 0
   120 0
   121 0
   122 0
   123 0
   124 0
   125 0
   126 0
   127 0
   128 0
   129 0
   130 0
   131 0
   132 0
   133 0
   134 0
   135 0
   136 0
   137 0
   138 0
   139 0
   140 0
   141 0
   142 0
   143 0
   144 0
   145 0
   146 0
   147 0
   148 0
   149 0
   150 0
   151 0
   152 0
   153 0
   154 0
   155 0
   156 0
   157 0
   158 0
   159 0
   160 0
   161 0
   162 0
   163 0
   164 0
   165 0
   166 0
   167 0
   168 0
   169 0
   170 0
   171 0
   172 0
   173 0
   174 0
   175 0
   176 0
   177 0
   178 0
   179 0
   180 0
   181 0
   182 0
   183 0
   184 0
   185 0
   186 0
   187 0
   188 0
   189 0
   190 0
   191 0
   192 0
   193 0
   194 0
   195 0
   196 0
   197 0
   198 0
   199 0