   0 0.000344181
   1 0.0764485
   2 0.0528222
   3 0.0667299
   4 0.046581
   5 0.216227
   6 0.211553
   7 0.173962
   8 0.142036
   9 0.18168
   10 0.476411
   11 0.599243
   12 0.639213
   13 0.73381
   14 0.749563
   15 0.846713
   16 0.954353
   17 1.04872
   18 1.11237
   19 1.1796
   20 1.24204
   21 1.2975
   22 1.33229
   23 1.35564
   24 1.37675
   25 1.37494
   26 1.35587
   27 1.31824
   28 1.34043
   29 1.35787
   30 1.27802
   31 1.25953
   32 1.19116
   33 1.1178
   34 1.03334
   35 0.977513
   36 0.931926
   37 0.883368
   38 0.858314
   39 0.81528
   40 0.796066
   41 0.853567
   42 0.946909
   43 1.06817
   44 1.21219
   45 1.40736
   46 1.56332
   47 1.63976
   48 1.67715
   49 1.47289
   50 1.39543
   51 1.10154
   52 0.948844
   53 0.668113
   54 0.511018
   55 0.354805
   56 0.276929
   57 0.185867
   58 0.126116
   59 0.0835173
   60 0.062504
   61 0.0440244
   62 0.0347558
   63 0.0259852
   64 0.0197043
   65 0.0154378
   66 0.0112865
   67 0.00585622
   68 0.00858047
   69 0.00795553
   70 0.00764971
   71 0.00721202
   72 0.00678841
   73 0.00668667
   74 0.00566966
   75 0.00470167
   76 0.00464769
   77 0.00488968
   78 0.00417353
   79 0.00636268
   80 0.00839445
   81 0.00550702
   82 0.00359065
   83 0.00422823
   84 3.55193e-05
   85 0.00636158
   86 0.00402704
   87 8.92205e-05
   88 1.74789e-05
   89 7.97401e-06
   90 0.000889242
   91 0
   92 0.000215126
   93 0
   94 0
   95 1.87197e-05
   96 3.77387e-05
   97 0
   98 2.42793e-05
   99 2.33744e-07
   100 0
   101 0
   102 0
   103 0
   104 0
   105 0
   106 0
   107 0
   108 0
   109 0
   110 0
   111 0
   112 0
   113 0
   114 0
   115 0
   116 0
   117 0
   118 0
   119 0
   120 0
   121 0
   122 0
   123 0
   124 0
   125 0
   126 0
   127 0
   128 0
   129 0
   130 0
   131 0
   132 0
   133 0
   134 0
   135 0
   136 0
   137 0
   138 0
   139 0
   140 0
   141 0
   142 0
   143 0
   144 0
   145 0
   146 0
   147 0
   148 0
   149 0
   150 0
   151 0
   152 0
   153 0
   154 0
   155 0
   156 0
   157 0
   158 0
   159 0
   160 0
   161 0
   162 0
   163 0
   164 0
   165 0
   166 0
   167 0
   168 0
   169 0
   170 0
   171 0
   172 0
   173 0
   174 0
   175 0
   176 0
   177 0
   178 0
   179 0
   180 0
   181 0
   182 0
   183 0
   184 0
   185 0
   186 0
   187 0
   188 0
   189 0
   190 0
   191 0
   192 0
   193 0
   194 0
   195 0
   196 0
   197 0
   198 0
   199 0