   0 0.201957
   1 3.67478
   2 2.92982
   3 3.48823
   4 1.3088
   5 1.79499
   6 1.49976
   7 1.35847
   8 0.652016
   9 1.58224
   10 1.50737
   11 1.54461
   12 1.44141
   13 1.22939
   14 1.1079
   15 1.09577
   16 1.11503
   17 1.13327
   18 1.1894
   19 1.21244
   20 1.23383
   21 1.26627
   22 1.25808
   23 1.28147
   24 1.27749
   25 1.29376
   26 1.26752
   27 1.27668
   28 1.27431
   29 1.24607
   30 1.21788
   31 1.16879
   32 1.10993
   33 1.03346
   34 0.961994
   35 0.906356
   36 0.848123
   37 0.827501
   38 0.783928
   39 0.749071
   40 0.755535
   41 0.797122
   42 0.85915
   43 0.96768
   44 1.11552
   45 1.28589
   46 1.43992
   47 1.50622
   48 1.54234
   49 1.43609
   50 1.30125
   51 1.10009
   52 0.899671
   53 0.706936
   54 0.524149
   55 0.370101
   56 0.257888
   57 0.174448
   58 0.119752
   59 0.0835303
   60 0.0585335
   61 0.0435581
   62 0.0316896
   63 0.0250493
   64 0.0207669
   65 0.0145442
   66 0.010649
   67 0.00914544
   68 0.00828246
   69 0.00761618
   70 0.00694788
   71 0.006849
   72 0.00736126
   73 0.00644481
   74 0.00542331
   75 0.00423141
   76 0.0048499
   77 0.00480649
   78 0.00502634
   79 0.00358794
   80 0.0038461
   81 0.00504632
   82 0.00564046
   83 0.00284131
   84 0.00548106
   85 0.00262322
   86 0.00332113
   87 0.00208479
   88 0.0025947
   89 0
   90 0
   91 0
   92 0
   93 0
   94 0
   95 0
   96 0
   97 0
   98 0
   99 0
   100 0
   101 0
   102 0
   103 0
   104 0
   105 0
   106 0
   107 0
   108 0
   109 0
   110 0
   111 0
   112 0
   113 0
   114 0
   115 0
   116 0
   117 0
   118 0
   119 0
   120 0
   121 0
   122 0
   123 0
   124 0
   125 0
   126 0
   127 0
   128 0
   129 0
   130 0
   131 0
   132 0
   133 0
   134 0
   135 0
   136 0
   137 0
   138 0
   139 0
   140 0
   141 0
   142 0
   143 0
   144 0
   145 0
   146 0
   147 0
   148 0
   149 0
   150 0
   151 0
   152 0
   153 0
   154 0
   155 0
   156 0
   157 0
   158 0
   159 0
   160 0
   161 0
   162 0
   163 0
   164 0
   165 0
   166 0
   167 0
   168 0
   169 0
   170 0
   171 0
   172 0
   173 0
   174 0
   175 0
   176 0
   177 0
   178 0
   179 0
   180 0
   181 0
   182 0
   183 0
   184 0
   185 0
   186 0
   187 0
   188 0
   189 0
   190 0
   191 0
   192 0
   193 0
   194 0
   195 0
   196 0
   197 0
   198 0
   199 0