   0 0.000712791
   1 3.08682
   2 2.39073
   3 1.4511
   4 1.09939
   5 1.20326
   6 0.850775
   7 1.00255
   8 0.37283
   9 1.12634
   10 1.10038
   11 1.07617
   12 0.958695
   13 0.84698
   14 0.76194
   15 0.710084
   16 0.871749
   17 0.970525
   18 1.04153
   19 1.11657
   20 1.27387
   21 1.32922
   22 1.34133
   23 1.38048
   24 1.41463
   25 1.11827
   26 1.40185
   27 1.39223
   28 1.42513
   29 1.34356
   30 1.32258
   31 1.25874
   32 1.17889
   33 1.10473
   34 1.01123
   35 0.98024
   36 0.923361
   37 0.838906
   38 0.849499
   39 0.800811
   40 0.794778
   41 0.850413
   42 0.947233
   43 1.02313
   44 1.22905
   45 1.38604
   46 1.55337
   47 1.62836
   48 1.05972
   49 1.5361
   50 1.38747
   51 1.1382
   52 0.95754
   53 0.737205
   54 0.560525
   55 0.266666
   56 0.270292
   57 0.187273
   58 0.129964
   59 0.087993
   60 0.0658068
   61 0.0455498
   62 0.0360274
   63 0.019261
   64 0.0220178
   65 0.0153384
   66 0.0112715
   67 0.0092874
   68 0.00848408
   69 0.00183779
   70 0.00734622
   71 0.00606927
   72 0.0079747
   73 0.00587766
   74 0.00531485
   75 0.00568701
   76 0.00475291
   77 0.00400709
   78 0.000247149
   79 0.00479758
   80 1.86008e-05
   81 0.00484447
   82 0.00473799
   83 0.00613722
   84 0.00197318
   85 0.0025183
   86 0
   87 0
   88 0
   89 4.00054e-06
   90 0
   91 0
   92 0
   93 0
   94 0
   95 0
   96 0
   97 0
   98 1.06791e-06
   99 4.47228e-07
   100 0
   101 0
   102 0
   103 0
   104 0
   105 0
   106 0
   107 0
   108 0
   109 0
   110 0
   111 0
   112 0
   113 0
   114 0
   115 0
   116 0
   117 0
   118 0
   119 0
   120 0
   121 0
   122 0
   123 0
   124 0
   125 1.04107e-14
   126 0
   127 0
   128 0
   129 0
   130 0
   131 0
   132 0
   133 0
   134 0
   135 0
   136 0
   137 0
   138 0
   139 0
   140 0
   141 0
   142 0
   143 0
   144 0
   145 0
   146 0
   147 0
   148 0
   149 0
   150 0
   151 0
   152 0
   153 0
   154 0
   155 0
   156 0
   157 0
   158 0
   159 0
   160 0
   161 0
   162 0
   163 0
   164 0
   165 0
   166 0
   167 0
   168 0
   169 0
   170 0
   171 0
   172 0
   173 0
   174 0
   175 0
   176 0
   177 0
   178 0
   179 0
   180 0
   181 0
   182 0
   183 0
   184 0
   185 0
   186 0
   187 0
   188 0
   189 0
   190 0
   191 0
   192 0
   193 0
   194 0
   195 0
   196 0
   197 0
   198 0
   199 0