   0 0.000514561
   1 0.00467021
   2 0.0292982
   3 0.13996
   4 0.0906271
   5 0.0773372
   6 0.0864609
   7 0.134752
   8 0.0597793
   9 0.170081
   10 0.272913
   11 0.695383
   12 0.664145
   13 0.658624
   14 0.70257
   15 0.691214
   16 0.959809
   17 0.988303
   18 1.11496
   19 1.12698
   20 1.17837
   21 1.29084
   22 1.31187
   23 1.36198
   24 1.39141
   25 1.40743
   26 1.40224
   27 1.43151
   28 1.33753
   29 1.32629
   30 1.36712
   31 1.30495
   32 1.19729
   33 1.13767
   34 1.11617
   35 1.01558
   36 0.968307
   37 0.904105
   38 0.774366
   39 0.818664
   40 0.859692
   41 0.853843
   42 0.962028
   43 1.09309
   44 1.23359
   45 1.49856
   46 1.61539
   47 1.69444
   48 1.72912
   49 1.60643
   50 1.41563
   51 1.20742
   52 0.940711
   53 0.659325
   54 0.568585
   55 0.39186
   56 0.27685
   57 0.195361
   58 0.130008
   59 0.0900134
   60 0.0535899
   61 0.0465836
   62 0.0353364
   63 0.0281446
   64 0.0230843
   65 0.0152053
   66 0.00928187
   67 0.00921042
   68 0.00903128
   69 0.00539237
   70 0.00748596
   71 0.00332378
   72 0.00672025
   73 0.00215117
   74 0.00542331
   75 0.00493664
   76 0.000720137
   77 0.00417405
   78 0.0131941
   79 0.0043728
   80 1.33933e-05
   81 0.00756948
   82 0.0049354
   83 0.00159823
   84 0
   85 0.000874408
   86 4.91292e-06
   87 0
   88 0
   89 0
   90 0
   91 0
   92 0
   93 0
   94 0
   95 0
   96 0
   97 0
   98 0
   99 2.66207e-07
   100 0
   101 0
   102 0
   103 0
   104 0
   105 0
   106 0
   107 0
   108 0
   109 0
   110 0
   111 0
   112 0
   113 0
   114 0
   115 0
   116 0
   117 0
   118 0
   119 0
   120 0
   121 0
   122 0
   123 0
   124 0
   125 0
   126 0
   127 0
   128 0
   129 0
   130 0
   131 0
   132 0
   133 0
   134 0
   135 0
   136 0
   137 0
   138 0
   139 0
   140 0
   141 0
   142 0
   143 0
   144 0
   145 0
   146 0
   147 0
   148 0
   149 0
   150 0
   151 0
   152 0
   153 0
   154 0
   155 0
   156 0
   157 0
   158 0
   159 0
   160 0
   161 0
   162 0
   163 0
   164 0
   165 0
   166 0
   167 0
   168 0
   169 0
   170 0
   171 0
   172 0
   173 0
   174 0
   175 0
   176 0
   177 0
   178 0
   179 0
   180 0
   181 0
   182 0
   183 0
   184 0
   185 0
   186 0
   187 0
   188 0
   189 0
   190 0
   191 0
   192 0
   193 0
   194 0
   195 0
   196 0
   197 0
   198 0
   199 0