   0 0.000273555
   1 0.0371963
   2 0.0331667
   3 0.0724516
   4 0.0948076
   5 0.0968006
   6 0.0950299
   7 0.133374
   8 0.0967872
   9 0.266733
   10 0.5162
   11 0.622522
   12 0.712353
   13 0.744875
   14 0.792599
   15 0.824949
   16 0.938136
   17 0.999747
   18 1.13715
   19 1.19036
   20 1.23264
   21 1.26662
   22 1.32455
   23 1.3308
   24 1.37338
   25 1.36418
   26 1.3677
   27 1.37195
   28 1.38332
   29 1.36169
   30 1.32127
   31 1.25188
   32 1.19011
   33 1.11575
   34 1.04889
   35 0.992422
   36 0.944551
   37 0.904715
   38 0.862177
   39 0.82005
   40 0.830656
   41 0.867524
   42 0.942733
   43 1.05076
   44 1.22916
   45 1.34596
   46 1.55832
   47 1.63257
   48 1.65716
   49 1.54957
   50 1.36684
   51 1.17596
   52 0.944945
   53 0.715271
   54 0.558945
   55 0.387248
   56 0.265531
   57 0.185024
   58 0.126824
   59 0.0880744
   60 0.0631981
   61 0.0466842
   62 0.0346828
   63 0.026438
   64 0.0205155
   65 0.0147996
   66 0.0107021
   67 0.00886807
   68 0.00713831
   69 0.00785168
   70 0.00767785
   71 0.00442004
   72 0.00584565
   73 0.00430655
   74 0.00296909
   75 0.0029126
   76 0.00121346
   77 0.00497162
   78 0.000649946
   79 0.00108777
   80 0.000330356
   81 0.000122699
   82 0.000123004
   83 0.000155852
   84 0.000151354
   85 4.81475e-05
   86 4.7927e-05
   87 1.15475e-05
   88 0.000240481
   89 5.18505e-06
   90 3.61257e-05
   91 1.01813e-05
   92 2.46118e-05
   93 0.00025163
   94 8.55477e-07
   95 2.14977e-07
   96 1.2747e-05
   97 3.6336e-05
   98 1.19596e-05
   99 2.45816e-07
   100 1.47598e-05
   101 0
   102 0
   103 0
   104 0
   105 1.94481e-06
   106 0
   107 5.16758e-07
   108 0
   109 0
   110 0
   111 0
   112 0
   113 0
   114 0
   115 0
   116 0
   117 0
   118 0
   119 0
   120 0
   121 0
   122 0
   123 0
   124 0
   125 0
   126 0
   127 0
   128 0
   129 0
   130 0
   131 0
   132 0
   133 0
   134 0
   135 0
   136 0
   137 0
   138 0
   139 0
   140 0
   141 0
   142 0
   143 0
   144 0
   145 0
   146 0
   147 0
   148 0
   149 0
   150 0
   151 0
   152 0
   153 0
   154 0
   155 0
   156 0
   157 0
   158 0
   159 0
   160 0
   161 0
   162 0
   163 0
   164 0
   165 0
   166 0
   167 0
   168 0
   169 0
   170 0
   171 0
   172 0
   173 0
   174 0
   175 0
   176 0
   177 0
   178 0
   179 0
   180 0
   181 0
   182 0
   183 0
   184 0
   185 0
   186 0
   187 0
   188 0
   189 0
   190 0
   191 0
   192 0
   193 0
   194 0
   195 0
   196 0
   197 0
   198 0
   199 0