   0 0.000284374
   1 0.0312178
   2 0.0563427
   3 0.134961
   4 0.101182
   5 0.102102
   6 0.117451
   7 0.0273384
   8 0.0777774
   9 0.258294
   10 0.373772
   11 0.322672
   12 0.47096
   13 0.528493
   14 0.85371
   15 0.826737
   16 0.859135
   17 1.12552
   18 1.12787
   19 1.28811
   20 1.32083
   21 1.36316
   22 1.3657
   23 1.36879
   24 1.37669
   25 1.34907
   26 1.3667
   27 1.36157
   28 1.38966
   29 1.3669
   30 1.39787
   31 1.1979
   32 1.23848
   33 1.13284
   34 1.0748
   35 1.00847
   36 0.966492
   37 0.949759
   38 0.879613
   39 0.843802
   40 0.872149
   41 0.909193
   42 0.967747
   43 1.08047
   44 1.21712
   45 1.41832
   46 1.63844
   47 1.68506
   48 1.72849
   49 1.62395
   50 1.40915
   51 1.191
   52 0.961211
   53 0.505415
   54 0.528025
   55 0.38465
   56 0.205847
   57 0.188872
   58 0.132314
   59 0.0904103
   60 0.0609745
   61 0.0469009
   62 0.0352469
   63 0.0268086
   64 0.0162029
   65 0.00829466
   66 0.0115438
   67 0.0102682
   68 0.00847408
   69 0.00827813
   70 0.00713688
   71 0.00575839
   72 0.00854432
   73 0.00585245
   74 0.00565409
   75 0.00573288
   76 0.00396075
   77 0.00466512
   78 0.00586406
   79 0.00269095
   80 0.00461532
   81 0.00756948
   82 0.0049354
   83 0.00639294
   84 0.00411079
   85 0.000874408
   86 0.00166057
   87 0.000521198
   88 0.000648676
   89 0
   90 0
   91 0.00014797
   92 8.87082e-05
   93 0
   94 1.54767e-05
   95 9.00569e-06
   96 1.03745e-05
   97 5.91459e-06
   98 0
   99 1.43342e-07
   100 0
   101 0
   102 0
   103 0
   104 0
   105 0
   106 0
   107 0
   108 0
   109 0
   110 0
   111 0
   112 0
   113 0
   114 0
   115 0
   116 0
   117 0
   118 0
   119 0
   120 0
   121 0
   122 0
   123 0
   124 0
   125 0
   126 0
   127 0
   128 0
   129 0
   130 0
   131 0
   132 0
   133 0
   134 0
   135 0
   136 0
   137 0
   138 0
   139 0
   140 0
   141 0
   142 0
   143 0
   144 0
   145 0
   146 0
   147 0
   148 0
   149 0
   150 0
   151 0
   152 0
   153 0
   154 0
   155 0
   156 0
   157 0
   158 0
   159 0
   160 0
   161 0
   162 0
   163 0
   164 0
   165 0
   166 0
   167 0
   168 0
   169 0
   170 0
   171 0
   172 0
   173 0
   174 0
   175 0
   176 0
   177 0
   178 0
   179 0
   180 0
   181 0
   182 0
   183 0
   184 0
   185 0
   186 0
   187 0
   188 0
   189 0
   190 0
   191 0
   192 0
   193 0
   194 0
   195 0
   196 0
   197 0
   198 0
   199 0