   0 0.000424245
   1 0.0361264
   2 0.054525
   3 0.0806303
   4 0.0919798
   5 0.157851
   6 0.151688
   7 0.214103
   8 0.134851
   9 0.35143
   10 0.486253
   11 0.637612
   12 0.695251
   13 0.703269
   14 0.735255
   15 0.770192
   16 0.863452
   17 0.968742
   18 1.05698
   19 1.11979
   20 1.18446
   21 1.24548
   22 1.28582
   23 1.31727
   24 1.33756
   25 1.35308
   26 1.35433
   27 1.36987
   28 1.36876
   29 1.34675
   30 1.32045
   31 1.25277
   32 1.18673
   33 1.12244
   34 1.03932
   35 0.984329
   36 0.939964
   37 0.901331
   38 0.849633
   39 0.813457
   40 0.820412
   41 0.860729
   42 0.945446
   43 1.04904
   44 1.2036
   45 1.38549
   46 1.56493
   47 1.61177
   48 1.63693
   49 1.55574
   50 1.36885
   51 1.17936
   52 0.943805
   53 0.72253
   54 0.546484
   55 0.386181
   56 0.275279
   57 0.184186
   58 0.128873
   59 0.0882189
   60 0.0635092
   61 0.0461845
   62 0.0332445
   63 0.0258957
   64 0.0211038
   65 0.0148648
   66 0.0106589
   67 0.00940208
   68 0.00849934
   69 0.00742804
   70 0.00607265
   71 0.0055674
   72 0.00497515
   73 0.00501804
   74 0.00381173
   75 0.00314352
   76 0.00205348
   77 0.0023365
   78 0.00132973
   79 0.000712993
   80 0.000209004
   81 0.000110192
   82 0.000583469
   83 6.70887e-05
   84 3.81243e-05
   85 2.90391e-05
   86 4.26101e-05
   87 1.54452e-05
   88 1.67221e-05
   89 8.31811e-06
   90 1.67633e-05
   91 1.72371e-05
   92 0.000137207
   93 5.72719e-06
   94 2.23838e-06
   95 4.1788e-07
   96 8.4952e-06
   97 3.1667e-06
   98 1.78677e-06
   99 1.63146e-07
   100 0
   101 0
   102 0
   103 0
   104 0
   105 0
   106 0
   107 0
   108 0
   109 8.51156e-08
   110 0
   111 0
   112 1.00625e-08
   113 0
   114 0
   115 0
   116 0
   117 0
   118 0
   119 0
   120 2.08238e-11
   121 0
   122 0
   123 0
   124 0
   125 0
   126 0
   127 0
   128 0
   129 0
   130 0
   131 0
   132 0
   133 0
   134 0
   135 0
   136 0
   137 0
   138 0
   139 0
   140 0
   141 0
   142 0
   143 0
   144 0
   145 0
   146 0
   147 0
   148 0
   149 0
   150 0
   151 0
   152 0
   153 0
   154 0
   155 0
   156 0
   157 0
   158 0
   159 0
   160 0
   161 0
   162 0
   163 0
   164 0
   165 0
   166 0
   167 0
   168 0
   169 0
   170 0
   171 0
   172 0
   173 0
   174 0
   175 0
   176 0
   177 0
   178 0
   179 0
   180 0
   181 0
   182 0
   183 0
   184 0
   185 0
   186 0
   187 0
   188 0
   189 0
   190 0
   191 0
   192 0
   193 0
   194 0
   195 0
   196 0
   197 0
   198 0
   199 0