   0 0.000280722
   1 0.0333329
   2 0.0391029
   3 0.0571839
   4 0.065933
   5 0.106894
   6 0.111933
   7 0.137263
   8 0.104528
   9 0.310914
   10 0.478898
   11 0.623688
   12 0.704159
   13 0.738192
   14 0.771928
   15 0.827035
   16 0.92988
   17 1.03881
   18 1.11665
   19 1.16838
   20 1.22202
   21 1.26607
   22 1.31333
   23 1.33999
   24 1.3588
   25 1.35854
   26 1.36679
   27 1.37013
   28 1.37779
   29 1.36128
   30 1.32464
   31 1.25993
   32 1.19372
   33 1.12886
   34 1.05416
   35 0.991988
   36 0.943836
   37 0.907841
   38 0.851615
   39 0.814631
   40 0.821498
   41 0.868594
   42 0.953501
   43 1.06333
   44 1.21624
   45 1.38803
   46 1.5646
   47 1.62477
   48 1.63685
   49 1.56236
   50 1.33107
   51 1.1675
   52 0.952076
   53 0.727736
   54 0.545894
   55 0.389449
   56 0.268869
   57 0.186365
   58 0.127336
   59 0.0891078
   60 0.0627381
   61 0.0457483
   62 0.0345602
   63 0.026186
   64 0.0202677
   65 0.0145692
   66 0.0109294
   67 0.00938833
   68 0.00805175
   69 0.00749943
   70 0.00689973
   71 0.00557647
   72 0.00559011
   73 0.00448366
   74 0.00353339
   75 0.00283783
   76 0.00210441
   77 0.00150421
   78 0.000649263
   79 0.0002709
   80 0.000182257
   81 0.000167782
   82 0.000365387
   83 8.16943e-05
   84 9.5497e-05
   85 8.7456e-05
   86 4.26094e-05
   87 1.40409e-05
   88 9.41743e-06
   89 9.32981e-06
   90 9.58461e-06
   91 1.00466e-05
   92 2.24774e-05
   93 6.11724e-06
   94 2.50762e-06
   95 4.69368e-07
   96 2.13665e-06
   97 3.83813e-06
   98 4.41504e-07
   99 2.16132e-07
   100 7.88441e-05
   101 0
   102 3.8868e-05
   103 6.2412e-05
   104 3.30502e-05
   105 0
   106 0
   107 7.66784e-07
   108 0
   109 1.1705e-06
   110 5.80808e-07
   111 1.4253e-07
   112 4.61258e-08
   113 0
   114 3.1547e-08
   115 0
   116 6.88056e-09
   117 3.16004e-09
   118 0
   119 3.22259e-10
   120 0
   121 0
   122 9.08547e-12
   123 5.87596e-12
   124 3.3129e-12
   125 2.07599e-12
   126 1.78499e-12
   127 0
   128 0
   129 1.06498e-13
   130 0
   131 0
   132 0
   133 0
   134 0
   135 0
   136 0
   137 0
   138 0
   139 0
   140 0
   141 0
   142 0
   143 0
   144 0
   145 0
   146 0
   147 0
   148 0
   149 0
   150 0
   151 0
   152 0
   153 0
   154 0
   155 0
   156 0
   157 0
   158 0
   159 0
   160 0
   161 0
   162 0
   163 0
   164 0
   165 0
   166 0
   167 0
   168 0
   169 0
   170 0
   171 0
   172 0
   173 0
   174 0
   175 0
   176 0
   177 0
   178 0
   179 0
   180 0
   181 0
   182 0
   183 0
   184 0
   185 0
   186 0
   187 0
   188 0
   189 0
   190 0
   191 0
   192 0
   193 0
   194 0
   195 0
   196 0
   197 0
   198 0
   199 0