   0 0.000415602
   1 0.156851
   2 0.141497
   3 0.0849194
   4 0.0610033
   5 0.0586266
   6 0.0906834
   7 0.210975
   8 0.0677592
   9 0.0894931
   10 0.352235
   11 0.707682
   12 0.807956
   13 1.02307
   14 0.953058
   15 0.948365
   16 1.08324
   17 1.07564
   18 1.17952
   19 1.15354
   20 1.1977
   21 1.20081
   22 1.25473
   23 1.34318
   24 1.29029
   25 1.28758
   26 1.34214
   27 1.30691
   28 1.32889
   29 1.34146
   30 1.32401
   31 1.22216
   32 1.19696
   33 1.12236
   34 0.909322
   35 0.986602
   36 0.952507
   37 0.906429
   38 0.851725
   39 0.814038
   40 0.812489
   41 0.882739
   42 0.959193
   43 1.05765
   44 1.24148
   45 1.38833
   46 1.58252
   47 1.69798
   48 1.65639
   49 1.6024
   50 0.891909
   51 1.20443
   52 0.996364
   53 0.736734
   54 0.557921
   55 0.400878
   56 0.277914
   57 0.192131
   58 0.134393
   59 0.088495
   60 0.0638625
   61 0.0467783
   62 0.0355168
   63 0.0267877
   64 0.0219432
   65 0.0151704
   66 0.0111836
   67 0.00934318
   68 0.00958261
   69 0.00815078
   70 0.00756822
   71 0.00627825
   72 0.00657255
   73 0.00723576
   74 0.00565409
   75 0.00467682
   76 0.00742641
   77 0.000289442
   78 0.00329853
   79 0.00388693
   80 0.00461532
   81 0.00756948
   82 0.0098708
   83 0
   84 0.00137026
   85 0.00262322
   86 0
   87 0.0010424
   88 0
   89 0
   90 0
   91 0
   92 8.87082e-05
   93 0
   94 0
   95 0
   96 1.03745e-05
   97 0
   98 0
   99 1.86345e-07
   100 0
   101 0
   102 0
   103 0
   104 0
   105 0
   106 0
   107 0
   108 0
   109 0
   110 0
   111 0
   112 0
   113 0
   114 0
   115 0
   116 0
   117 0
   118 0
   119 0
   120 0
   121 0
   122 0
   123 0
   124 0
   125 0
   126 0
   127 0
   128 0
   129 0
   130 0
   131 0
   132 0
   133 0
   134 0
   135 0
   136 0
   137 0
   138 0
   139 0
   140 0
   141 0
   142 0
   143 0
   144 0
   145 0
   146 0
   147 0
   148 0
   149 0
   150 0
   151 0
   152 0
   153 0
   154 0
   155 0
   156 0
   157 0
   158 0
   159 0
   160 0
   161 0
   162 0
   163 0
   164 0
   165 0
   166 0
   167 0
   168 0
   169 0
   170 0
   171 0
   172 0
   173 0
   174 0
   175 0
   176 0
   177 0
   178 0
   179 0
   180 0
   181 0
   182 0
   183 0
   184 0
   185 0
   186 0
   187 0
   188 0
   189 0
   190 0
   191 0
   192 0
   193 0
   194 0
   195 0
   196 0
   197 0
   198 0
   199 0